OuterSiraji,,ghōṛā,horse,,,Source pattern: ghōṛ-ā / -ē.,"bailey1908outersiraji[p. 37, noun-horse, item 1]",,,bailey1908outersiraji:p37:noun-horse:item:1,,,,noun m nom sg
OuterSiraji,,ghōṛē,horse,,,Source pattern: ghōṛ-ā / -ē.,"bailey1908outersiraji[p. 37, noun-horse, item 1]",,,bailey1908outersiraji:p37:noun-horse:item:1:answer2,,,,noun m nom pl
OuterSiraji,,ghōṛĕau,horse,,,Source pattern: -ĕau f. ĕē / as Sing. Feminine label scopes over the second genitive agreement form.,"bailey1908outersiraji[p. 37, noun-horse, item 2]",,,bailey1908outersiraji:p37:noun-horse:item:2,,,,noun m gen sg
OuterSiraji,,ghōṛĕē,horse,,,Source pattern: -ĕau f. ĕē / as Sing. Feminine label scopes over the second genitive agreement form.,"bailey1908outersiraji[p. 37, noun-horse, item 2]",,,bailey1908outersiraji:p37:noun-horse:item:2:answer2,,,,noun f gen sg
OuterSiraji,,ghōṛĕau,horse,,,Source pattern: -ĕau f. ĕē / as Sing. Feminine label scopes over the second genitive agreement form.,"bailey1908outersiraji[p. 37, noun-horse, item 2]",,,bailey1908outersiraji:p37:noun-horse:item:2:answer3,,,,noun m gen pl
OuterSiraji,,ghōṛĕē,horse,,,Source pattern: -ĕau f. ĕē / as Sing. Feminine label scopes over the second genitive agreement form.,"bailey1908outersiraji[p. 37, noun-horse, item 2]",,,bailey1908outersiraji:p37:noun-horse:item:2:answer4,,,,noun f gen pl
OuterSiraji,,ghōṛē lai,horse,,,Source pattern: -ē lai / ditto.,"bailey1908outersiraji[p. 37, noun-horse, item 3]",,,bailey1908outersiraji:p37:noun-horse:item:3,,,,noun m dat acc sg multiword-expression
OuterSiraji,,ghōṛē lai,horse,,,Source pattern: -ē lai / ditto.,"bailey1908outersiraji[p. 37, noun-horse, item 3]",,,bailey1908outersiraji:p37:noun-horse:item:3:answer2,,,,noun m dat acc pl multiword-expression
OuterSiraji,,ghōṛē dē,horse,,,Source pattern: -ē dē / ditto.,"bailey1908outersiraji[p. 37, noun-horse, item 4]",,,bailey1908outersiraji:p37:noun-horse:item:4,,,,noun m loc sg multiword-expression
OuterSiraji,,ghōṛē dē,horse,,,Source pattern: -ē dē / ditto.,"bailey1908outersiraji[p. 37, noun-horse, item 4]",,,bailey1908outersiraji:p37:noun-horse:item:4:answer2,,,,noun m loc pl multiword-expression
OuterSiraji,,ghōṛē kē,horse,,,Source pattern: -ē kē / ditto.,"bailey1908outersiraji[p. 37, noun-horse, item 5]",,,bailey1908outersiraji:p37:noun-horse:item:5,,,,noun m abl sg multiword-expression
OuterSiraji,,ghōṛē kē,horse,,,Source pattern: -ē kē / ditto.,"bailey1908outersiraji[p. 37, noun-horse, item 5]",,,bailey1908outersiraji:p37:noun-horse:item:5:answer2,,,,noun m abl pl multiword-expression
OuterSiraji,,ghōṛē,horse,,,Source pattern: -ē / ditto.,"bailey1908outersiraji[p. 37, noun-horse, item 6]",,,bailey1908outersiraji:p37:noun-horse:item:6,,,,noun m erg sg
OuterSiraji,,ghōṛē,horse,,,Source pattern: -ē / ditto.,"bailey1908outersiraji[p. 37, noun-horse, item 6]",,,bailey1908outersiraji:p37:noun-horse:item:6:answer2,,,,noun m erg pl
OuterSiraji,,ghŏr,house,,,Source pattern: ghŏr / as Sing.,"bailey1908outersiraji[p. 37, noun-house, item 1]",,,bailey1908outersiraji:p37:noun-house:item:1,,,,noun m nom sg
OuterSiraji,,ghŏr,house,,,Source pattern: ghŏr / as Sing.,"bailey1908outersiraji[p. 37, noun-house, item 1]",,,bailey1908outersiraji:p37:noun-house:item:1:answer2,,,,noun m nom pl
OuterSiraji,,ghŏrō,house,,,Source pattern: ghŏr-ō / ditto.,"bailey1908outersiraji[p. 37, noun-house, item 2]",,,bailey1908outersiraji:p37:noun-house:item:2,,,,noun m gen sg
OuterSiraji,,ghŏrō,house,,,Source pattern: ghŏr-ō / ditto.,"bailey1908outersiraji[p. 37, noun-house, item 2]",,,bailey1908outersiraji:p37:noun-house:item:2:answer2,,,,noun m gen pl
OuterSiraji,,ghŏrā lai,house,,,"Source pattern: ghŏr-ā lai, &c. / ditto. Combined dative, accusative, locative and ablative heading; only explicit lai construction expanded.","bailey1908outersiraji[p. 37, noun-house, item 3]",,,bailey1908outersiraji:p37:noun-house:item:3,,,,noun m dat acc sg multiword-expression
OuterSiraji,,ghŏrā lai,house,,,"Source pattern: ghŏr-ā lai, &c. / ditto. Combined dative, accusative, locative and ablative heading; only explicit lai construction expanded.","bailey1908outersiraji[p. 37, noun-house, item 3]",,,bailey1908outersiraji:p37:noun-house:item:3:answer2,,,,noun m dat acc pl multiword-expression
OuterSiraji,,s̲h̲ōrī,girl,,,Source pattern: s̲h̲ōr-ī / as Sing.,"bailey1908outersiraji[p. 37, noun-girl, item 1]",,,bailey1908outersiraji:p37:noun-girl:item:1,,,,noun f nom sg
OuterSiraji,,s̲h̲ōrī,girl,,,Source pattern: s̲h̲ōr-ī / as Sing.,"bailey1908outersiraji[p. 37, noun-girl, item 1]",,,bailey1908outersiraji:p37:noun-girl:item:1:answer2,,,,noun f nom pl
OuterSiraji,,s̲h̲ōrīō,girl,,,Source pattern: -īō / ditto.,"bailey1908outersiraji[p. 37, noun-girl, item 2]",,,bailey1908outersiraji:p37:noun-girl:item:2,,,,noun f gen sg
OuterSiraji,,s̲h̲ōrīō,girl,,,Source pattern: -īō / ditto.,"bailey1908outersiraji[p. 37, noun-girl, item 2]",,,bailey1908outersiraji:p37:noun-girl:item:2:answer2,,,,noun f gen pl
OuterSiraji,,s̲h̲ōrī lai,girl,,,"Source pattern: -ī lai, &c. / ditto. Combined dative, accusative, locative and ablative heading; only explicit lai construction expanded.","bailey1908outersiraji[p. 37, noun-girl, item 3]",,,bailey1908outersiraji:p37:noun-girl:item:3,,,,noun f dat acc sg multiword-expression
OuterSiraji,,s̲h̲ōrī lai,girl,,,"Source pattern: -ī lai, &c. / ditto. Combined dative, accusative, locative and ablative heading; only explicit lai construction expanded.","bailey1908outersiraji[p. 37, noun-girl, item 3]",,,bailey1908outersiraji:p37:noun-girl:item:3:answer2,,,,noun f dat acc pl multiword-expression
OuterSiraji,,s̲h̲ōrīē,girl,,,Source pattern: -īē / ditto.,"bailey1908outersiraji[p. 37, noun-girl, item 4]",,,bailey1908outersiraji:p37:noun-girl:item:4,,,,noun f erg sg
OuterSiraji,,s̲h̲ōrīē,girl,,,Source pattern: -īē / ditto.,"bailey1908outersiraji[p. 37, noun-girl, item 4]",,,bailey1908outersiraji:p37:noun-girl:item:4:answer2,,,,noun f erg pl
OuterSiraji,,bhēḍ,sheep,,,Plural column contains ellipses rather than explicit forms or ditto instructions.,"bailey1908outersiraji[p. 37, noun-sheep, item 1]",,,bailey1908outersiraji:p37:noun-sheep:item:1,,,,noun f sg nom
OuterSiraji,,bhēḍō,sheep,,,Plural column contains ellipses rather than explicit forms or ditto instructions.,"bailey1908outersiraji[p. 37, noun-sheep, item 2]",,,bailey1908outersiraji:p37:noun-sheep:item:2,,,,noun f sg gen
OuterSiraji,,bhēḍā lai,sheep,,,"Source pattern: bhēḍā lai, &c. Plural column contains ellipses rather than explicit forms or ditto instructions. Combined case heading; only explicit lai construction expanded.","bailey1908outersiraji[p. 37, noun-sheep, item 3]",,,bailey1908outersiraji:p37:noun-sheep:item:3,,,,noun f sg dat acc multiword-expression
OuterSiraji,,baihṇ,sister,,,Source pattern: baihṇ / baihṇ-ī.,"bailey1908outersiraji[p. 37, noun-sister, item 1]",,,bailey1908outersiraji:p37:noun-sister:item:1,,,,noun f nom sg
OuterSiraji,,baihṇī,sister,,,Source pattern: baihṇ / baihṇ-ī.,"bailey1908outersiraji[p. 37, noun-sister, item 1]",,,bailey1908outersiraji:p37:noun-sister:item:1:answer2,,,,noun f nom pl
OuterSiraji,,baihṇīō,sister,,,Source pattern: baihṇ-īō / as Sing.,"bailey1908outersiraji[p. 37, noun-sister, item 2]",,,bailey1908outersiraji:p37:noun-sister:item:2,,,,noun f gen sg
OuterSiraji,,baihṇīō,sister,,,Source pattern: baihṇ-īō / as Sing.,"bailey1908outersiraji[p. 37, noun-sister, item 2]",,,bailey1908outersiraji:p37:noun-sister:item:2:answer2,,,,noun f gen pl
OuterSiraji,,baihṇī lai,sister,,,"Source pattern: -ī lai, &c. / ditto. Combined case heading; only explicit lai construction expanded.","bailey1908outersiraji[p. 37, noun-sister, item 3]",,,bailey1908outersiraji:p37:noun-sister:item:3,,,,noun f dat acc sg multiword-expression
OuterSiraji,,baihṇī lai,sister,,,"Source pattern: -ī lai, &c. / ditto. Combined case heading; only explicit lai construction expanded.","bailey1908outersiraji[p. 37, noun-sister, item 3]",,,bailey1908outersiraji:p37:noun-sister:item:3:answer2,,,,noun f dat acc pl multiword-expression
OuterSiraji,,baihṇī,sister,,,Source pattern: -ī / ditto.,"bailey1908outersiraji[p. 37, noun-sister, item 4]",,,bailey1908outersiraji:p37:noun-sister:item:4,,,,noun f erg sg
OuterSiraji,,baihṇī,sister,,,Source pattern: -ī / ditto.,"bailey1908outersiraji[p. 37, noun-sister, item 4]",,,bailey1908outersiraji:p37:noun-sister:item:4:answer2,,,,noun f erg pl
OuterSiraji,,hū̃,I,,,,"bailey1908outersiraji[p. 38, pronoun-1sg, item 1]",,,bailey1908outersiraji:p38:pronoun-1sg:item:1,,,,pron 1sg nom
OuterSiraji,,mērō,I,,,,"bailey1908outersiraji[p. 38, pronoun-1sg, item 2]",,,bailey1908outersiraji:p38:pronoun-1sg:item:2,,,,pron 1sg gen
OuterSiraji,,mūlai,I,,,,"bailey1908outersiraji[p. 38, pronoun-1sg, item 3]",,,bailey1908outersiraji:p38:pronoun-1sg:item:3,,,,pron 1sg dat acc
OuterSiraji,,mūdē,I,,,,"bailey1908outersiraji[p. 38, pronoun-1sg, item 4]",,,bailey1908outersiraji:p38:pronoun-1sg:item:4,,,,pron 1sg loc
OuterSiraji,,mukhĕ,I,,,Source italicizes u within otherwise upright mukhĕ.,"bailey1908outersiraji[p. 38, pronoun-1sg, item 5]",,,bailey1908outersiraji:p38:pronoun-1sg:item:5,,,,pron 1sg abl
OuterSiraji,,maĩ,I,,,,"bailey1908outersiraji[p. 38, pronoun-1sg, item 6]",,,bailey1908outersiraji:p38:pronoun-1sg:item:6,,,,pron 1sg erg
OuterSiraji,,tū,thou,,,,"bailey1908outersiraji[p. 38, pronoun-2sg, item 1]",,,bailey1908outersiraji:p38:pronoun-2sg:item:1,,,,pron 2sg nom
OuterSiraji,,tērō,thou,,,,"bailey1908outersiraji[p. 38, pronoun-2sg, item 2]",,,bailey1908outersiraji:p38:pronoun-2sg:item:2,,,,pron 2sg gen
OuterSiraji,,tālai,thou,,,,"bailey1908outersiraji[p. 38, pronoun-2sg, item 3]",,,bailey1908outersiraji:p38:pronoun-2sg:item:3,,,,pron 2sg dat acc
OuterSiraji,,tādē,thou,,,,"bailey1908outersiraji[p. 38, pronoun-2sg, item 4]",,,bailey1908outersiraji:p38:pronoun-2sg:item:4,,,,pron 2sg loc
OuterSiraji,,tākhĕ,thou,,,,"bailey1908outersiraji[p. 38, pronoun-2sg, item 5]",,,bailey1908outersiraji:p38:pronoun-2sg:item:5,,,,pron 2sg abl
OuterSiraji,,taĩ,thou,,,,"bailey1908outersiraji[p. 38, pronoun-2sg, item 6]",,,bailey1908outersiraji:p38:pronoun-2sg:item:6,,,,pron 2sg erg
OuterSiraji,,sau,"he, she, it",,,,"bailey1908outersiraji[p. 38, pronoun-3sg, item 1]",,,bailey1908outersiraji:p38:pronoun-3sg:item:1,,,,pron 3sg nom
OuterSiraji,,ōh,"he, she, it",,,,"bailey1908outersiraji[p. 38, pronoun-3sg, item 1]",,,bailey1908outersiraji:p38:pronoun-3sg:item:1:answer2,,,,pron 3sg nom
OuterSiraji,,tēūō,"he, she, it",,,"Source pattern: tēūō f. tĕssō. Second form is feminine, as the printed feminine paradigm and p41 prose explain.","bailey1908outersiraji[p. 38, pronoun-3sg, item 2]",,,bailey1908outersiraji:p38:pronoun-3sg:item:2,,,,pron 3sg gen
OuterSiraji,,tĕssō,"he, she, it",,,"Source pattern: tēūō f. tĕssō. Second form is feminine, as the printed feminine paradigm and p41 prose explain.","bailey1908outersiraji[p. 38, pronoun-3sg, item 2]",,,bailey1908outersiraji:p38:pronoun-3sg:item:2:answer2,,,,pron 3sg gen f
OuterSiraji,,tēū lĕ,"he, she, it",,,"Second form is feminine, as the printed feminine paradigm and p41 prose explain.","bailey1908outersiraji[p. 38, pronoun-3sg, item 3]",,,bailey1908outersiraji:p38:pronoun-3sg:item:3,,,,pron 3sg dat acc multiword-expression
OuterSiraji,,tēā lĕ,"he, she, it",,,"Second form is feminine, as the printed feminine paradigm and p41 prose explain.","bailey1908outersiraji[p. 38, pronoun-3sg, item 3]",,,bailey1908outersiraji:p38:pronoun-3sg:item:3:answer2,,,,pron 3sg dat acc f multiword-expression
OuterSiraji,,tēū dē,"he, she, it",,,"Source pattern: ditto dē / ditto dē. Second form is feminine, as the printed feminine paradigm and p41 prose explain.","bailey1908outersiraji[p. 38, pronoun-3sg, item 4]",,,bailey1908outersiraji:p38:pronoun-3sg:item:4,,,,pron 3sg loc multiword-expression
OuterSiraji,,tēā dē,"he, she, it",,,"Source pattern: ditto dē / ditto dē. Second form is feminine, as the printed feminine paradigm and p41 prose explain.","bailey1908outersiraji[p. 38, pronoun-3sg, item 4]",,,bailey1908outersiraji:p38:pronoun-3sg:item:4:answer2,,,,pron 3sg loc f multiword-expression
OuterSiraji,,tēū khĕ,"he, she, it",,,"Source pattern: ditto khĕ / ditto khĕ. Second form is feminine, as the printed feminine paradigm and p41 prose explain.","bailey1908outersiraji[p. 38, pronoun-3sg, item 5]",,,bailey1908outersiraji:p38:pronoun-3sg:item:5,,,,pron 3sg abl multiword-expression
OuterSiraji,,tēā khĕ,"he, she, it",,,"Source pattern: ditto khĕ / ditto khĕ. Second form is feminine, as the printed feminine paradigm and p41 prose explain.","bailey1908outersiraji[p. 38, pronoun-3sg, item 5]",,,bailey1908outersiraji:p38:pronoun-3sg:item:5:answer2,,,,pron 3sg abl f multiword-expression
OuterSiraji,,tēī,"he, she, it",,,"Second form is feminine, as the printed feminine paradigm and p41 prose explain.","bailey1908outersiraji[p. 38, pronoun-3sg, item 6]",,,bailey1908outersiraji:p38:pronoun-3sg:item:6,,,,pron 3sg erg
OuterSiraji,,tai,"he, she, it",,,"Second form is feminine, as the printed feminine paradigm and p41 prose explain.","bailey1908outersiraji[p. 38, pronoun-3sg, item 6]",,,bailey1908outersiraji:p38:pronoun-3sg:item:6:answer2,,,,pron 3sg erg f
OuterSiraji,,ē,this,,,,"bailey1908outersiraji[p. 38, pronoun-this-sg, item 1]",,,bailey1908outersiraji:p38:pronoun-this-sg:item:1,,,,pron sg nom
OuterSiraji,,ēh,this,,,,"bailey1908outersiraji[p. 38, pronoun-this-sg, item 1]",,,bailey1908outersiraji:p38:pronoun-this-sg:item:1:answer2,,,,pron sg nom
OuterSiraji,,au,this,,,,"bailey1908outersiraji[p. 38, pronoun-this-sg, item 1]",,,bailey1908outersiraji:p38:pronoun-this-sg:item:1:answer3,,,,pron sg nom
OuterSiraji,,ēūō,this,,,"Source pattern: ēūō f. ĕssō. Second form is feminine, as the printed feminine paradigm and p41 prose explain.","bailey1908outersiraji[p. 38, pronoun-this-sg, item 2]",,,bailey1908outersiraji:p38:pronoun-this-sg:item:2,,,,pron sg gen
OuterSiraji,,ĕssō,this,,,"Source pattern: ēūō f. ĕssō. Second form is feminine, as the printed feminine paradigm and p41 prose explain.","bailey1908outersiraji[p. 38, pronoun-this-sg, item 2]",,,bailey1908outersiraji:p38:pronoun-this-sg:item:2:answer2,,,,pron sg gen f
OuterSiraji,,ēū lĕ,this,,,"Second form is feminine, as the printed feminine paradigm and p41 prose explain.","bailey1908outersiraji[p. 38, pronoun-this-sg, item 3]",,,bailey1908outersiraji:p38:pronoun-this-sg:item:3,,,,pron sg dat acc multiword-expression
OuterSiraji,,ēā lĕ,this,,,"Second form is feminine, as the printed feminine paradigm and p41 prose explain.","bailey1908outersiraji[p. 38, pronoun-this-sg, item 3]",,,bailey1908outersiraji:p38:pronoun-this-sg:item:3:answer2,,,,pron sg dat acc f multiword-expression
OuterSiraji,,ēū dē,this,,,"Source pattern: ditto dē / ditto dē. Second form is feminine, as the printed feminine paradigm and p41 prose explain.","bailey1908outersiraji[p. 38, pronoun-this-sg, item 4]",,,bailey1908outersiraji:p38:pronoun-this-sg:item:4,,,,pron sg loc multiword-expression
OuterSiraji,,ēā dē,this,,,"Source pattern: ditto dē / ditto dē. Second form is feminine, as the printed feminine paradigm and p41 prose explain.","bailey1908outersiraji[p. 38, pronoun-this-sg, item 4]",,,bailey1908outersiraji:p38:pronoun-this-sg:item:4:answer2,,,,pron sg loc f multiword-expression
OuterSiraji,,ēū khĕ,this,,,"Source pattern: ditto khĕ / ditto khĕ. Second form is feminine, as the printed feminine paradigm and p41 prose explain.","bailey1908outersiraji[p. 38, pronoun-this-sg, item 5]",,,bailey1908outersiraji:p38:pronoun-this-sg:item:5,,,,pron sg abl multiword-expression
OuterSiraji,,ēā khĕ,this,,,"Source pattern: ditto khĕ / ditto khĕ. Second form is feminine, as the printed feminine paradigm and p41 prose explain.","bailey1908outersiraji[p. 38, pronoun-this-sg, item 5]",,,bailey1908outersiraji:p38:pronoun-this-sg:item:5:answer2,,,,pron sg abl f multiword-expression
OuterSiraji,,ēūē,this,,,"Second form is feminine, as the printed feminine paradigm and p41 prose explain.","bailey1908outersiraji[p. 38, pronoun-this-sg, item 6]",,,bailey1908outersiraji:p38:pronoun-this-sg:item:6,,,,pron sg erg
OuterSiraji,,ai,this,,,"Second form is feminine, as the printed feminine paradigm and p41 prose explain.","bailey1908outersiraji[p. 38, pronoun-this-sg, item 6]",,,bailey1908outersiraji:p38:pronoun-this-sg:item:6:answer2,,,,pron sg erg f
OuterSiraji,,hāmē,we,,,,"bailey1908outersiraji[p. 38, pronoun-1pl, item 1]",,,bailey1908outersiraji:p38:pronoun-1pl:item:1,,,,pron 1pl nom
OuterSiraji,,mhārō,we,,,,"bailey1908outersiraji[p. 38, pronoun-1pl, item 2]",,,bailey1908outersiraji:p38:pronoun-1pl:item:2,,,,pron 1pl gen
OuterSiraji,,hamā lai,we,,,Source pattern: ham-ā lai.,"bailey1908outersiraji[p. 38, pronoun-1pl, item 3]",,,bailey1908outersiraji:p38:pronoun-1pl:item:3,,,,pron 1pl dat acc multiword-expression
OuterSiraji,,hamā dē,we,,,Source pattern: -ā dē.,"bailey1908outersiraji[p. 38, pronoun-1pl, item 4]",,,bailey1908outersiraji:p38:pronoun-1pl:item:4,,,,pron 1pl loc multiword-expression
OuterSiraji,,hamā kē,we,,,Source pattern: -ā kē.,"bailey1908outersiraji[p. 38, pronoun-1pl, item 5]",,,bailey1908outersiraji:p38:pronoun-1pl:item:5,,,,pron 1pl abl multiword-expression
OuterSiraji,,hamē,we,,,Source pattern: -ē.,"bailey1908outersiraji[p. 38, pronoun-1pl, item 6]",,,bailey1908outersiraji:p38:pronoun-1pl:item:6,,,,pron 1pl erg
OuterSiraji,,tummē,you,,,,"bailey1908outersiraji[p. 38, pronoun-2pl, item 1]",,,bailey1908outersiraji:p38:pronoun-2pl:item:1,,,,pron 2pl nom
OuterSiraji,,thārō,you,,,,"bailey1908outersiraji[p. 38, pronoun-2pl, item 2]",,,bailey1908outersiraji:p38:pronoun-2pl:item:2,,,,pron 2pl gen
OuterSiraji,,tumā lai,you,,,Source pattern: tum-ā lai.,"bailey1908outersiraji[p. 38, pronoun-2pl, item 3]",,,bailey1908outersiraji:p38:pronoun-2pl:item:3,,,,pron 2pl dat acc multiword-expression
OuterSiraji,,tumā dē,you,,,Source pattern: -ā dē.,"bailey1908outersiraji[p. 38, pronoun-2pl, item 4]",,,bailey1908outersiraji:p38:pronoun-2pl:item:4,,,,pron 2pl loc multiword-expression
OuterSiraji,,tumā kē,you,,,Source pattern: -ā kē.,"bailey1908outersiraji[p. 38, pronoun-2pl, item 5]",,,bailey1908outersiraji:p38:pronoun-2pl:item:5,,,,pron 2pl abl multiword-expression
OuterSiraji,,tumē,you,,,Source pattern: -ē.,"bailey1908outersiraji[p. 38, pronoun-2pl, item 6]",,,bailey1908outersiraji:p38:pronoun-2pl:item:6,,,,pron 2pl erg
OuterSiraji,,saĩ,they,,,,"bailey1908outersiraji[p. 38, pronoun-3pl, item 1]",,,bailey1908outersiraji:p38:pronoun-3pl:item:1,,,,pron 3pl nom
OuterSiraji,,tīnō,they,,,Source pattern: tīn-ō.,"bailey1908outersiraji[p. 38, pronoun-3pl, item 2]",,,bailey1908outersiraji:p38:pronoun-3pl:item:2,,,,pron 3pl gen
OuterSiraji,,tīnā lĕ,they,,,Source pattern: -ā lĕ.,"bailey1908outersiraji[p. 38, pronoun-3pl, item 3]",,,bailey1908outersiraji:p38:pronoun-3pl:item:3,,,,pron 3pl dat acc multiword-expression
OuterSiraji,,tīnā dē,they,,,Source pattern: -ā dē.,"bailey1908outersiraji[p. 38, pronoun-3pl, item 4]",,,bailey1908outersiraji:p38:pronoun-3pl:item:4,,,,pron 3pl loc multiword-expression
OuterSiraji,,tīnā kē,they,,,Source pattern: -ā kē.,"bailey1908outersiraji[p. 38, pronoun-3pl, item 5]",,,bailey1908outersiraji:p38:pronoun-3pl:item:5,,,,pron 3pl abl multiword-expression
OuterSiraji,,tīnē,they,,,Source pattern: -ē.,"bailey1908outersiraji[p. 38, pronoun-3pl, item 6]",,,bailey1908outersiraji:p38:pronoun-3pl:item:6,,,,pron 3pl erg
OuterSiraji,,ē,these,,,,"bailey1908outersiraji[p. 38, pronoun-this-pl, item 1]",,,bailey1908outersiraji:p38:pronoun-this-pl:item:1,,,,pron pl nom
OuterSiraji,,ēh,these,,,,"bailey1908outersiraji[p. 38, pronoun-this-pl, item 1]",,,bailey1908outersiraji:p38:pronoun-this-pl:item:1:answer2,,,,pron pl nom
OuterSiraji,,īnau,these,,,Source pattern: īn-au.,"bailey1908outersiraji[p. 38, pronoun-this-pl, item 2]",,,bailey1908outersiraji:p38:pronoun-this-pl:item:2,,,,pron pl gen
OuterSiraji,,īnā lē,these,,,Source pattern: -ā lē.,"bailey1908outersiraji[p. 38, pronoun-this-pl, item 3]",,,bailey1908outersiraji:p38:pronoun-this-pl:item:3,,,,pron pl dat acc multiword-expression
OuterSiraji,,īnā dē,these,,,Source pattern: -ā dē.,"bailey1908outersiraji[p. 38, pronoun-this-pl, item 4]",,,bailey1908outersiraji:p38:pronoun-this-pl:item:4,,,,pron pl loc multiword-expression
OuterSiraji,,īnā kē,these,,,Source pattern: -ā kē.,"bailey1908outersiraji[p. 38, pronoun-this-pl, item 5]",,,bailey1908outersiraji:p38:pronoun-this-pl:item:5,,,,pron pl abl multiword-expression
OuterSiraji,,īnē,these,,,Source pattern: -ē or -nē.,"bailey1908outersiraji[p. 38, pronoun-this-pl, item 6]",,,bailey1908outersiraji:p38:pronoun-this-pl:item:6,,,,pron pl erg
OuterSiraji,,īnnē,these,,,Source pattern: -ē or -nē.,"bailey1908outersiraji[p. 38, pronoun-this-pl, item 6]",,,bailey1908outersiraji:p38:pronoun-this-pl:item:6:answer2,,,,pron pl erg
OuterSiraji,,kuṇ,who,,,,"bailey1908outersiraji[p. 38, pronoun-who, item 1]",,,bailey1908outersiraji:p38:pronoun-who:item:1,,,,pron interr nom
OuterSiraji,,kaurō,who,,,,"bailey1908outersiraji[p. 38, pronoun-who, item 2]",,,bailey1908outersiraji:p38:pronoun-who:item:2,,,,pron interr gen
OuterSiraji,,kuṇī,who,,,,"bailey1908outersiraji[p. 38, pronoun-who, item 3]",,,bailey1908outersiraji:p38:pronoun-who:item:3,,,,pron interr erg
OuterSiraji,,ghōṛĕau,horse,,,,"bailey1908outersiraji[p. 38, genitive-example, item 1]",,,bailey1908outersiraji:p38:genitive-example:item:1,,,,noun gen sg
OuterSiraji,,ghōṛĕō,horse,,,,"bailey1908outersiraji[p. 38, genitive-example, item 1]",,,bailey1908outersiraji:p38:genitive-example:item:1:answer2,,,,noun gen sg
OuterSiraji,,ghōṛĕē,horse,,,Oblique agreement form of the genitive adjective.,"bailey1908outersiraji[p. 38, genitive-example, item 2]",,,bailey1908outersiraji:p38:genitive-example:item:2,,,,noun gen sg obl
OuterSiraji,,bēṭlīau,woman,,,,"bailey1908outersiraji[p. 38, genitive-example, item 3]",,,bailey1908outersiraji:p38:genitive-example:item:3,,,,noun gen sg
OuterSiraji,,bēṭlīē,woman,,,Oblique agreement form of the genitive adjective.,"bailey1908outersiraji[p. 38, genitive-example, item 4]",,,bailey1908outersiraji:p38:genitive-example:item:4,,,,noun gen sg obl
OuterSiraji,,īyō,like this,,,,"bailey1908outersiraji[p. 38, demonstrative, item 1]",,,bailey1908outersiraji:p38:demonstrative:item:1,,,,adj demonstrative
OuterSiraji,,ētrau,so much or many,,,,"bailey1908outersiraji[p. 38, demonstrative, item 2]",,,bailey1908outersiraji:p38:demonstrative:item:2,,,,adj demonstrative
OuterSiraji,,tīyō,like that,,,Source label: correlative.,"bailey1908outersiraji[p. 38, correlative, item 1]",,,bailey1908outersiraji:p38:correlative:item:1,,,,adj
OuterSiraji,,tētrau,so much or many,,,Source label: correlative.,"bailey1908outersiraji[p. 38, correlative, item 2]",,,bailey1908outersiraji:p38:correlative:item:2,,,,adj
OuterSiraji,,kīyō,like what,,,,"bailey1908outersiraji[p. 38, interrogative, item 1]",,,bailey1908outersiraji:p38:interrogative:item:1,,,,adj interr
OuterSiraji,,kētrau,how much or many,,,,"bailey1908outersiraji[p. 38, interrogative, item 2]",,,bailey1908outersiraji:p38:interrogative:item:2,,,,adj interr
OuterSiraji,,s̲h̲ōbhlō,beautiful,,,,"bailey1908outersiraji[p. 38, comparison, item 1]",,,bailey1908outersiraji:p38:comparison:item:1,,,,adj
OuterSiraji,,mūkhĕ s̲h̲ōbhlo,more beautiful than I,,,Comparison expressed by ablative; final o is printed without macron in this example.,"bailey1908outersiraji[p. 38, comparison, item 2]",,,bailey1908outersiraji:p38:comparison:item:2,,,,adj multiword-expression
OuterSiraji,,sŏbbī kē s̲h̲ōbhlō,"more beautiful than all, most beautiful",,,,"bailey1908outersiraji[p. 38, comparison, item 3]",,,bailey1908outersiraji:p38:comparison:item:3,,,,adj multiword-expression
OuterSiraji,,ēh,this,,,,"bailey1908outersiraji[p. 38, comparison, item 4]",,,bailey1908outersiraji:p38:comparison:item:4,,,,pron demonstrative
OuterSiraji,,īdō,this,,,Given as a form of ēh before the comparative example.,"bailey1908outersiraji[p. 38, comparison, item 5]",,,bailey1908outersiraji:p38:comparison:item:5,,,,pron demonstrative
OuterSiraji,,īdō s̲h̲ōbhlō,more beautiful than this,,,,"bailey1908outersiraji[p. 38, comparison, item 6]",,,bailey1908outersiraji:p38:comparison:item:6,,,,adj multiword-expression
OuterSiraji,,ēbbē,now,,,,"bailey1908outersiraji[p. 39, adverb-time, item 1]",,,bailey1908outersiraji:p39:adverb-time:item:1,,,,adv
OuterSiraji,,tēbbē,then,,,,"bailey1908outersiraji[p. 39, adverb-time, item 2]",,,bailey1908outersiraji:p39:adverb-time:item:2,,,,adv
OuterSiraji,,kēbbē,when,,,,"bailey1908outersiraji[p. 39, adverb-time, item 3]",,,bailey1908outersiraji:p39:adverb-time:item:3,,,,adv interr
OuterSiraji,,jēbbē,when,,,,"bailey1908outersiraji[p. 39, adverb-time, item 4]",,,bailey1908outersiraji:p39:adverb-time:item:4,,,,adv relative
OuterSiraji,,kāllā,to-morrow,,,,"bailey1908outersiraji[p. 39, adverb-time, item 5]",,,bailey1908outersiraji:p39:adverb-time:item:5,,,,adv
OuterSiraji,,pŏrs̲h̲ē,day after to-morrow,,,,"bailey1908outersiraji[p. 39, adverb-time, item 6]",,,bailey1908outersiraji:p39:adverb-time:item:6,,,,adv
OuterSiraji,,tsauthē,day after that,,,After the day after to-morrow.,"bailey1908outersiraji[p. 39, adverb-time, item 7]",,,bailey1908outersiraji:p39:adverb-time:item:7,,,,adv
OuterSiraji,,hīj,yesterday,,,,"bailey1908outersiraji[p. 39, adverb-time, item 8]",,,bailey1908outersiraji:p39:adverb-time:item:8,,,,adv
OuterSiraji,,phŏrŏz,day before yesterday,,,,"bailey1908outersiraji[p. 39, adverb-time, item 9]",,,bailey1908outersiraji:p39:adverb-time:item:9,,,,adv
OuterSiraji,,tsauthē,day before that,,,Before the day before yesterday.,"bailey1908outersiraji[p. 39, adverb-time, item 10]",,,bailey1908outersiraji:p39:adverb-time:item:10,,,,adv
OuterSiraji,,idhī,here,,,,"bailey1908outersiraji[p. 39, adverb-place, item 1]",,,bailey1908outersiraji:p39:adverb-place:item:1,,,,adv
OuterSiraji,,tidhī,there,,,,"bailey1908outersiraji[p. 39, adverb-place, item 2]",,,bailey1908outersiraji:p39:adverb-place:item:2,,,,adv
OuterSiraji,,pōrē,there,,,,"bailey1908outersiraji[p. 39, adverb-place, item 2]",,,bailey1908outersiraji:p39:adverb-place:item:2:answer2,,,,adv
OuterSiraji,,kidhī,where,,,,"bailey1908outersiraji[p. 39, adverb-place, item 3]",,,bailey1908outersiraji:p39:adverb-place:item:3,,,,adv interr
OuterSiraji,,jidhī,where,,,,"bailey1908outersiraji[p. 39, adverb-place, item 4]",,,bailey1908outersiraji:p39:adverb-place:item:4,,,,adv relative
OuterSiraji,,lai,to,,,,"bailey1908outersiraji[p. 39, preposition, item 1]",,,bailey1908outersiraji:p39:preposition:item:1,,,,prep
OuterSiraji,,lĕ,to,,,,"bailey1908outersiraji[p. 39, preposition, item 1]",,,bailey1908outersiraji:p39:preposition:item:1:answer2,,,,prep
OuterSiraji,,kē,from,,,,"bailey1908outersiraji[p. 39, preposition, item 2]",,,bailey1908outersiraji:p39:preposition:item:2,,,,prep
OuterSiraji,,dē,in,,,,"bailey1908outersiraji[p. 39, preposition, item 3]",,,bailey1908outersiraji:p39:preposition:item:3,,,,prep
OuterSiraji,,gai,upon,,,,"bailey1908outersiraji[p. 39, preposition, item 4]",,,bailey1908outersiraji:p39:preposition:item:4,,,,prep
OuterSiraji,,taiṇī,up to,,,,"bailey1908outersiraji[p. 39, preposition, item 5]",,,bailey1908outersiraji:p39:preposition:item:5,,,,prep
OuterSiraji,,saŋgē,with,,,,"bailey1908outersiraji[p. 39, preposition, item 6]",,,bailey1908outersiraji:p39:preposition:item:6,,,,prep
OuterSiraji,,āgō,in front of,,,,"bailey1908outersiraji[p. 39, preposition, item 7]",,,bailey1908outersiraji:p39:preposition:item:7,,,,prep
OuterSiraji,,pitshū,behind,,,,"bailey1908outersiraji[p. 39, preposition, item 8]",,,bailey1908outersiraji:p39:preposition:item:8,,,,prep
OuterSiraji,,ā,be,,,Source pattern: ā and ū̃ or āssā (āsā).,"bailey1908outersiraji[p. 39, auxiliary-present, item 1sg]",,,bailey1908outersiraji:p39:auxiliary-present:item:1sg,,,,verb auxiliary pres 1sg
OuterSiraji,,ū̃,be,,,Source pattern: ā and ū̃ or āssā (āsā).,"bailey1908outersiraji[p. 39, auxiliary-present, item 1sg]",,,bailey1908outersiraji:p39:auxiliary-present:item:1sg:answer2,,,,verb auxiliary pres 1sg
OuterSiraji,,āssā,be,,,Source pattern: ā and ū̃ or āssā (āsā).,"bailey1908outersiraji[p. 39, auxiliary-present, item 1sg]",,,bailey1908outersiraji:p39:auxiliary-present:item:1sg:answer3,,,,verb auxiliary pres 1sg
OuterSiraji,,āsā,be,,,Source pattern: ā and ū̃ or āssā (āsā).,"bailey1908outersiraji[p. 39, auxiliary-present, item 1sg]",,,bailey1908outersiraji:p39:auxiliary-present:item:1sg:answer4,,,,verb auxiliary pres 1sg
OuterSiraji,,ā,be,,,Source pattern: ā or āssā.,"bailey1908outersiraji[p. 39, auxiliary-present, item 2sg]",,,bailey1908outersiraji:p39:auxiliary-present:item:2sg,,,,verb auxiliary pres 2sg
OuterSiraji,,āssā,be,,,Source pattern: ā or āssā.,"bailey1908outersiraji[p. 39, auxiliary-present, item 2sg]",,,bailey1908outersiraji:p39:auxiliary-present:item:2sg:answer2,,,,verb auxiliary pres 2sg
OuterSiraji,,ā,be,,,Source pattern: ā or āssā.,"bailey1908outersiraji[p. 39, auxiliary-present, item 3sg]",,,bailey1908outersiraji:p39:auxiliary-present:item:3sg,,,,verb auxiliary pres 3sg
OuterSiraji,,āssā,be,,,Source pattern: ā or āssā.,"bailey1908outersiraji[p. 39, auxiliary-present, item 3sg]",,,bailey1908outersiraji:p39:auxiliary-present:item:3sg:answer2,,,,verb auxiliary pres 3sg
OuterSiraji,,ā,be,,,Source pattern: ā or āssā.,"bailey1908outersiraji[p. 39, auxiliary-present, item 1pl]",,,bailey1908outersiraji:p39:auxiliary-present:item:1pl,,,,verb auxiliary pres 1pl
OuterSiraji,,āssā,be,,,Source pattern: ā or āssā.,"bailey1908outersiraji[p. 39, auxiliary-present, item 1pl]",,,bailey1908outersiraji:p39:auxiliary-present:item:1pl:answer2,,,,verb auxiliary pres 1pl
OuterSiraji,,ā,be,,,Source pattern: ā or āssā.,"bailey1908outersiraji[p. 39, auxiliary-present, item 2pl]",,,bailey1908outersiraji:p39:auxiliary-present:item:2pl,,,,verb auxiliary pres 2pl
OuterSiraji,,āssā,be,,,Source pattern: ā or āssā.,"bailey1908outersiraji[p. 39, auxiliary-present, item 2pl]",,,bailey1908outersiraji:p39:auxiliary-present:item:2pl:answer2,,,,verb auxiliary pres 2pl
OuterSiraji,,ā,be,,,Source pattern: ā or āssā.,"bailey1908outersiraji[p. 39, auxiliary-present, item 3pl]",,,bailey1908outersiraji:p39:auxiliary-present:item:3pl,,,,verb auxiliary pres 3pl
OuterSiraji,,āssā,be,,,Source pattern: ā or āssā.,"bailey1908outersiraji[p. 39, auxiliary-present, item 3pl]",,,bailey1908outersiraji:p39:auxiliary-present:item:3pl:answer2,,,,verb auxiliary pres 3pl
OuterSiraji,,āthī,be,,,Used with a negative particle.,"bailey1908outersiraji[p. 39, auxiliary-negative, item 1]",,,bailey1908outersiraji:p39:auxiliary-negative:item:1,,,,verb auxiliary pres neg
OuterSiraji,,tau,be,,,,"bailey1908outersiraji[p. 39, auxiliary-past, item 1]",,,bailey1908outersiraji:p39:auxiliary-past:item:1,,,,verb auxiliary pret sg
OuterSiraji,,tī,be,,,,"bailey1908outersiraji[p. 39, auxiliary-past, item 1]",,,bailey1908outersiraji:p39:auxiliary-past:item:1:answer2,,,,verb auxiliary pret sg f
OuterSiraji,,tē,be,,,,"bailey1908outersiraji[p. 39, auxiliary-past, item 1]",,,bailey1908outersiraji:p39:auxiliary-past:item:1:answer3,,,,verb auxiliary pret pl
OuterSiraji,,tī,be,,,,"bailey1908outersiraji[p. 39, auxiliary-past, item 1]",,,bailey1908outersiraji:p39:auxiliary-past:item:1:answer4,,,,verb auxiliary pret pl f
OuterSiraji,,pŏṛnu,fall,,,,"bailey1908outersiraji[p. 39, fall-head, item 1]",,,bailey1908outersiraji:p39:fall-head:item:1,,,,verb intr inf
OuterSiraji,,pŏṛnō,fall,,,,"bailey1908outersiraji[p. 39, fall-head, item 1]",,,bailey1908outersiraji:p39:fall-head:item:1:answer2,,,,verb intr inf
OuterSiraji,,pŏṛū,fall,,,Source pattern: pŏṛ-ū -ā -ā -ū -ā -ā.,"bailey1908outersiraji[p. 39, fall-future, item 1sg]",,,bailey1908outersiraji:p39:fall-future:item:1sg,,,,verb intr fut 1sg
OuterSiraji,,pŏṛā,fall,,,Source pattern: pŏṛ-ū -ā -ā -ū -ā -ā.,"bailey1908outersiraji[p. 39, fall-future, item 2sg]",,,bailey1908outersiraji:p39:fall-future:item:2sg,,,,verb intr fut 2sg
OuterSiraji,,pŏṛā,fall,,,Source pattern: pŏṛ-ū -ā -ā -ū -ā -ā.,"bailey1908outersiraji[p. 39, fall-future, item 3sg]",,,bailey1908outersiraji:p39:fall-future:item:3sg,,,,verb intr fut 3sg
OuterSiraji,,pŏṛū,fall,,,Source pattern: pŏṛ-ū -ā -ā -ū -ā -ā.,"bailey1908outersiraji[p. 39, fall-future, item 1pl]",,,bailey1908outersiraji:p39:fall-future:item:1pl,,,,verb intr fut 1pl
OuterSiraji,,pŏṛā,fall,,,Source pattern: pŏṛ-ū -ā -ā -ū -ā -ā.,"bailey1908outersiraji[p. 39, fall-future, item 2pl]",,,bailey1908outersiraji:p39:fall-future:item:2pl,,,,verb intr fut 2pl
OuterSiraji,,pŏṛā,fall,,,Source pattern: pŏṛ-ū -ā -ā -ū -ā -ā.,"bailey1908outersiraji[p. 39, fall-future, item 3pl]",,,bailey1908outersiraji:p39:fall-future:item:3pl,,,,verb intr fut 3pl
OuterSiraji,,pŏṛ,fall,,,,"bailey1908outersiraji[p. 39, fall-imperative, item 1]",,,bailey1908outersiraji:p39:fall-imperative:item:1,,,,verb intr impv 2sg
OuterSiraji,,pŏṛā,fall,,,,"bailey1908outersiraji[p. 39, fall-imperative, item 1]",,,bailey1908outersiraji:p39:fall-imperative:item:1:answer2,,,,verb intr impv 2pl
OuterSiraji,,pŏṛū,fall,,,Source pattern: Present indicative same as future.,"bailey1908outersiraji[p. 39, fall-present, item 1sg]",,,bailey1908outersiraji:p39:fall-present:item:1sg,,,,verb intr pres ind 1sg
OuterSiraji,,pŏṛā,fall,,,Source pattern: Present indicative same as future.,"bailey1908outersiraji[p. 39, fall-present, item 2sg]",,,bailey1908outersiraji:p39:fall-present:item:2sg,,,,verb intr pres ind 2sg
OuterSiraji,,pŏṛā,fall,,,Source pattern: Present indicative same as future.,"bailey1908outersiraji[p. 39, fall-present, item 3sg]",,,bailey1908outersiraji:p39:fall-present:item:3sg,,,,verb intr pres ind 3sg
OuterSiraji,,pŏṛū,fall,,,Source pattern: Present indicative same as future.,"bailey1908outersiraji[p. 39, fall-present, item 1pl]",,,bailey1908outersiraji:p39:fall-present:item:1pl,,,,verb intr pres ind 1pl
OuterSiraji,,pŏṛā,fall,,,Source pattern: Present indicative same as future.,"bailey1908outersiraji[p. 39, fall-present, item 2pl]",,,bailey1908outersiraji:p39:fall-present:item:2pl,,,,verb intr pres ind 2pl
OuterSiraji,,pŏṛā,fall,,,Source pattern: Present indicative same as future.,"bailey1908outersiraji[p. 39, fall-present, item 3pl]",,,bailey1908outersiraji:p39:fall-present:item:3pl,,,,verb intr pres ind 3pl
OuterSiraji,,pŏṛdau,fall,,,Source pattern: pŏṛ-dau Pl. -dē f. -dī.,"bailey1908outersiraji[p. 39, fall-past-conditional, item 1]",,,bailey1908outersiraji:p39:fall-past-conditional:item:1,,,,verb intr pret conditional sg
OuterSiraji,,pŏṛdē,fall,,,Source pattern: pŏṛ-dau Pl. -dē f. -dī.,"bailey1908outersiraji[p. 39, fall-past-conditional, item 1]",,,bailey1908outersiraji:p39:fall-past-conditional:item:1:answer2,,,,verb intr pret conditional pl
OuterSiraji,,pŏṛdī,fall,,,Source pattern: pŏṛ-dau Pl. -dē f. -dī.,"bailey1908outersiraji[p. 39, fall-past-conditional, item 1]",,,bailey1908outersiraji:p39:fall-past-conditional:item:1:answer3,,,,verb intr pret conditional f
OuterSiraji,,pŏṛū tau,fall,,,"Source pattern: Future with tau (tē, tī).","bailey1908outersiraji[p. 39, fall-imperfect, item 1sg]",,,bailey1908outersiraji:p39:fall-imperfect:item:1sg,,,,verb intr pret ipfv 1sg multiword-expression
OuterSiraji,,pŏṛū tī,fall,,,"Source pattern: Future with tau (tē, tī).","bailey1908outersiraji[p. 39, fall-imperfect, item 1sg]",,,bailey1908outersiraji:p39:fall-imperfect:item:1sg:answer2,,,,verb intr pret ipfv 1sg f multiword-expression
OuterSiraji,,pŏṛā tau,fall,,,"Source pattern: Future with tau (tē, tī).","bailey1908outersiraji[p. 39, fall-imperfect, item 2sg]",,,bailey1908outersiraji:p39:fall-imperfect:item:2sg,,,,verb intr pret ipfv 2sg multiword-expression
OuterSiraji,,pŏṛā tī,fall,,,"Source pattern: Future with tau (tē, tī).","bailey1908outersiraji[p. 39, fall-imperfect, item 2sg]",,,bailey1908outersiraji:p39:fall-imperfect:item:2sg:answer2,,,,verb intr pret ipfv 2sg f multiword-expression
OuterSiraji,,pŏṛā tau,fall,,,"Source pattern: Future with tau (tē, tī).","bailey1908outersiraji[p. 39, fall-imperfect, item 3sg]",,,bailey1908outersiraji:p39:fall-imperfect:item:3sg,,,,verb intr pret ipfv 3sg multiword-expression
OuterSiraji,,pŏṛā tī,fall,,,"Source pattern: Future with tau (tē, tī).","bailey1908outersiraji[p. 39, fall-imperfect, item 3sg]",,,bailey1908outersiraji:p39:fall-imperfect:item:3sg:answer2,,,,verb intr pret ipfv 3sg f multiword-expression
OuterSiraji,,pŏṛū tē,fall,,,"Source pattern: Future with tau (tē, tī).","bailey1908outersiraji[p. 39, fall-imperfect, item 1pl]",,,bailey1908outersiraji:p39:fall-imperfect:item:1pl,,,,verb intr pret ipfv 1pl multiword-expression
OuterSiraji,,pŏṛū tī,fall,,,"Source pattern: Future with tau (tē, tī).","bailey1908outersiraji[p. 39, fall-imperfect, item 1pl]",,,bailey1908outersiraji:p39:fall-imperfect:item:1pl:answer2,,,,verb intr pret ipfv 1pl f multiword-expression
OuterSiraji,,pŏṛā tē,fall,,,"Source pattern: Future with tau (tē, tī).","bailey1908outersiraji[p. 39, fall-imperfect, item 2pl]",,,bailey1908outersiraji:p39:fall-imperfect:item:2pl,,,,verb intr pret ipfv 2pl multiword-expression
OuterSiraji,,pŏṛā tī,fall,,,"Source pattern: Future with tau (tē, tī).","bailey1908outersiraji[p. 39, fall-imperfect, item 2pl]",,,bailey1908outersiraji:p39:fall-imperfect:item:2pl:answer2,,,,verb intr pret ipfv 2pl f multiword-expression
OuterSiraji,,pŏṛā tē,fall,,,"Source pattern: Future with tau (tē, tī).","bailey1908outersiraji[p. 39, fall-imperfect, item 3pl]",,,bailey1908outersiraji:p39:fall-imperfect:item:3pl,,,,verb intr pret ipfv 3pl multiword-expression
OuterSiraji,,pŏṛā tī,fall,,,"Source pattern: Future with tau (tē, tī).","bailey1908outersiraji[p. 39, fall-imperfect, item 3pl]",,,bailey1908outersiraji:p39:fall-imperfect:item:3pl:answer2,,,,verb intr pret ipfv 3pl f multiword-expression
OuterSiraji,,pŏṛau,fall,,,Source pattern: pŏṛ-au f. -ī Pl. -ē f. -ī.,"bailey1908outersiraji[p. 39, fall-past, item 1]",,,bailey1908outersiraji:p39:fall-past:item:1,,,,verb intr pret ind sg
OuterSiraji,,pŏṛī,fall,,,Source pattern: pŏṛ-au f. -ī Pl. -ē f. -ī.,"bailey1908outersiraji[p. 39, fall-past, item 1]",,,bailey1908outersiraji:p39:fall-past:item:1:answer2,,,,verb intr pret ind sg f
OuterSiraji,,pŏṛē,fall,,,Source pattern: pŏṛ-au f. -ī Pl. -ē f. -ī.,"bailey1908outersiraji[p. 39, fall-past, item 1]",,,bailey1908outersiraji:p39:fall-past:item:1:answer3,,,,verb intr pret ind pl
OuterSiraji,,pŏṛī,fall,,,Source pattern: pŏṛ-au f. -ī Pl. -ē f. -ī.,"bailey1908outersiraji[p. 39, fall-past, item 1]",,,bailey1908outersiraji:p39:fall-past:item:1:answer4,,,,verb intr pret ind pl f
OuterSiraji,,pŏṛau tau,fall,,,,"bailey1908outersiraji[p. 39, fall-pluperfect, item 1]",,,bailey1908outersiraji:p39:fall-pluperfect:item:1,,,,verb intr pret perfect multiword-expression
OuterSiraji,,pŏṛēkŏrĕ,having fallen,,,,"bailey1908outersiraji[p. 39, fall-participle, item 1]",,,bailey1908outersiraji:p39:fall-participle:item:1,,,,verb intr participle
OuterSiraji,,ichṇō,come,,,Regular except in past.,"bailey1908outersiraji[p. 40, come-head, item 1]",,,bailey1908outersiraji:p40:come-head:item:1,,,,verb intr inf
OuterSiraji,,āō,come,,,,"bailey1908outersiraji[p. 40, come-past, item 1]",,,bailey1908outersiraji:p40:come-past:item:1,,,,verb intr pret ind sg
OuterSiraji,,āī,come,,,,"bailey1908outersiraji[p. 40, come-past, item 1]",,,bailey1908outersiraji:p40:come-past:item:1:answer2,,,,verb intr pret ind f
OuterSiraji,,āē,come,,,,"bailey1908outersiraji[p. 40, come-past, item 1]",,,bailey1908outersiraji:p40:come-past:item:1:answer3,,,,verb intr pret ind pl
OuterSiraji,,ḍēuṇu,go,,,,"bailey1908outersiraji[p. 40, go-de-head, item 1]",,,bailey1908outersiraji:p40:go-de-head:item:1,,,,verb intr inf
OuterSiraji,,ḍēū,go,,,Source abbreviates further persons as etc.,"bailey1908outersiraji[p. 40, go-de-future, item 1sg]",,,bailey1908outersiraji:p40:go-de-future:item:1sg,,,,verb intr fut 1sg
OuterSiraji,,ḍēwā,go,,,Source abbreviates further persons as etc.,"bailey1908outersiraji[p. 40, go-de-future, item 2sg]",,,bailey1908outersiraji:p40:go-de-future:item:2sg,,,,verb intr fut 2sg
OuterSiraji,,ḍēwā,go,,,Source abbreviates further persons as etc.,"bailey1908outersiraji[p. 40, go-de-future, item 3sg]",,,bailey1908outersiraji:p40:go-de-future:item:3sg,,,,verb intr fut 3sg
OuterSiraji,,ḍēū,go,,,,"bailey1908outersiraji[p. 40, go-de-imperative, item 1]",,,bailey1908outersiraji:p40:go-de-imperative:item:1,,,,verb intr impv 2sg
OuterSiraji,,ḍēwā,go,,,,"bailey1908outersiraji[p. 40, go-de-imperative, item 1]",,,bailey1908outersiraji:p40:go-de-imperative:item:1:answer2,,,,verb intr impv 2pl
OuterSiraji,,ḍēundau,go,,,,"bailey1908outersiraji[p. 40, go-de-past-conditional, item 1]",,,bailey1908outersiraji:p40:go-de-past-conditional:item:1,,,,verb intr pret conditional
OuterSiraji,,ḍēūō,go,,,,"bailey1908outersiraji[p. 40, go-de-past, item 1]",,,bailey1908outersiraji:p40:go-de-past:item:1,,,,verb intr pret ind sg
OuterSiraji,,ḍēwē,go,,,,"bailey1908outersiraji[p. 40, go-de-past, item 1]",,,bailey1908outersiraji:p40:go-de-past:item:1:answer2,,,,verb intr pret ind f
OuterSiraji,,ḍēwē,go,,,,"bailey1908outersiraji[p. 40, go-de-past, item 1]",,,bailey1908outersiraji:p40:go-de-past:item:1:answer3,,,,verb intr pret ind pl
OuterSiraji,,jāṇu,go,,,,"bailey1908outersiraji[p. 40, go-ja-head, item 1]",,,bailey1908outersiraji:p40:go-ja-head:item:1,,,,verb intr inf
OuterSiraji,,jāū,go,,,,"bailey1908outersiraji[p. 40, go-ja-future, item 1]",,,bailey1908outersiraji:p40:go-ja-future:item:1,,,,verb intr fut
OuterSiraji,,jā,go,,,,"bailey1908outersiraji[p. 40, go-ja-imperative, item 1]",,,bailey1908outersiraji:p40:go-ja-imperative:item:1,,,,verb intr impv 2sg
OuterSiraji,,jā,go,,,,"bailey1908outersiraji[p. 40, go-ja-imperative, item 1]",,,bailey1908outersiraji:p40:go-ja-imperative:item:1:answer2,,,,verb intr impv 2pl
OuterSiraji,,jāndau,go,,,,"bailey1908outersiraji[p. 40, go-ja-past-conditional, item 1]",,,bailey1908outersiraji:p40:go-ja-past-conditional:item:1,,,,verb intr pret conditional
OuterSiraji,,gau,go,,,,"bailey1908outersiraji[p. 40, go-ja-past, item 1]",,,bailey1908outersiraji:p40:go-ja-past:item:1,,,,verb intr pret ind sg
OuterSiraji,,gauī,go,,,,"bailey1908outersiraji[p. 40, go-ja-past, item 1]",,,bailey1908outersiraji:p40:go-ja-past:item:1:answer2,,,,verb intr pret ind f
OuterSiraji,,gauē,go,,,,"bailey1908outersiraji[p. 40, go-ja-past, item 1]",,,bailey1908outersiraji:p40:go-ja-past:item:1:answer3,,,,verb intr pret ind pl
OuterSiraji,,rauhṇu,remain,,,,"bailey1908outersiraji[p. 40, remain-head, item 1]",,,bailey1908outersiraji:p40:remain-head:item:1,,,,verb intr inf
OuterSiraji,,rauhū,remain,,,Source pattern: rauhū or rauhā.,"bailey1908outersiraji[p. 40, remain-future, item 1]",,,bailey1908outersiraji:p40:remain-future:item:1,,,,verb intr fut
OuterSiraji,,rauhā,remain,,,Source pattern: rauhū or rauhā.,"bailey1908outersiraji[p. 40, remain-future, item 1]",,,bailey1908outersiraji:p40:remain-future:item:1:answer2,,,,verb intr fut
OuterSiraji,,rauhndau,remain,,,,"bailey1908outersiraji[p. 40, remain-past-conditional, item 1]",,,bailey1908outersiraji:p40:remain-past-conditional:item:1,,,,verb intr pret conditional
OuterSiraji,,rauhau,remain,,,Source pattern: rauhau (-ī -ē.). Gender and number of suffixes follow the immediately preceding parallel past paradigms.,"bailey1908outersiraji[p. 40, remain-past, item 1]",,,bailey1908outersiraji:p40:remain-past:item:1,,,,verb intr pret ind sg
OuterSiraji,,rauhī,remain,,,Source pattern: rauhau (-ī -ē.). Gender and number of suffixes follow the immediately preceding parallel past paradigms.,"bailey1908outersiraji[p. 40, remain-past, item 1]",,,bailey1908outersiraji:p40:remain-past:item:1:answer2,,,,verb intr pret ind f
OuterSiraji,,rauhē,remain,,,Source pattern: rauhau (-ī -ē.). Gender and number of suffixes follow the immediately preceding parallel past paradigms.,"bailey1908outersiraji[p. 40, remain-past, item 1]",,,bailey1908outersiraji:p40:remain-past:item:1:answer3,,,,verb intr pret ind pl
OuterSiraji,,baiṭhṇu,sit,,,Regular.,"bailey1908outersiraji[p. 40, sit-head, item 1]",,,bailey1908outersiraji:p40:sit-head:item:1,,,,verb intr inf
OuterSiraji,,bais̲h̲ṇu,sit,,,Regular.,"bailey1908outersiraji[p. 40, sit-head, item 1]",,,bailey1908outersiraji:p40:sit-head:item:1:answer2,,,,verb intr inf
OuterSiraji,,bais̲h̲i,sit,,,"Given in addition to other imperative forms, which are not printed.","bailey1908outersiraji[p. 40, sit-imperative, item 1]",,,bailey1908outersiraji:p40:sit-imperative:item:1,,,,verb intr impv 2sg
OuterSiraji,,tsīkṇū,beat,,,Like pŏṛnū.,"bailey1908outersiraji[p. 40, beat-head, item 1]",,,bailey1908outersiraji:p40:beat-head:item:1,,,,verb tr inf
OuterSiraji,,tsīkau,beat,,,Subject in agent case; verb agrees with object.,"bailey1908outersiraji[p. 40, beat-past, item 1]",,,bailey1908outersiraji:p40:beat-past:item:1,,,,verb tr pret ind
OuterSiraji,,khāṇu,eat,,,,"bailey1908outersiraji[p. 40, eat-head, item 1]",,,bailey1908outersiraji:p40:eat-head:item:1,,,,verb tr inf
OuterSiraji,,khāndau,eat,,,,"bailey1908outersiraji[p. 40, eat-past-conditional, item 1]",,,bailey1908outersiraji:p40:eat-past-conditional:item:1,,,,verb tr pret conditional
OuterSiraji,,khāau,eat,,,,"bailey1908outersiraji[p. 40, eat-past, item 1]",,,bailey1908outersiraji:p40:eat-past:item:1,,,,verb tr pret ind
OuterSiraji,,dēṇō,give,,,,"bailey1908outersiraji[p. 40, give-head, item 1]",,,bailey1908outersiraji:p40:give-head:item:1,,,,verb tr inf
OuterSiraji,,dēnnau,give,,,,"bailey1908outersiraji[p. 40, give-past, item 1]",,,bailey1908outersiraji:p40:give-past:item:1,,,,verb tr pret ind
OuterSiraji,,lēṇu,take,,,,"bailey1908outersiraji[p. 40, take-head, item 1]",,,bailey1908outersiraji:p40:take-head:item:1,,,,verb tr inf
OuterSiraji,,laiū,take,,,,"bailey1908outersiraji[p. 40, take-future, item 1]",,,bailey1908outersiraji:p40:take-future:item:1,,,,verb tr fut
OuterSiraji,,laiau,take,,,,"bailey1908outersiraji[p. 40, take-past, item 1]",,,bailey1908outersiraji:p40:take-past:item:1,,,,verb tr pret ind
OuterSiraji,,kŏrnu,do,,,,"bailey1908outersiraji[p. 40, do-head, item 1]",,,bailey1908outersiraji:p40:do-head:item:1,,,,verb tr inf
OuterSiraji,,kīyau,do,,,,"bailey1908outersiraji[p. 40, do-past, item 1]",,,bailey1908outersiraji:p40:do-past:item:1,,,,verb tr pret ind
OuterSiraji,,mērē nĕhī̃ ḍēundō,I cannot go,,,Ability expressed with the present participle and genitive subject; the source gives the participle a passive sense.,"bailey1908outersiraji[p. 40, ability-expression, item 1]",,,bailey1908outersiraji:p40:ability-expression:item:1,,,,sentential multiword-expression
OuterSiraji,,mērē bhŏlē nĕhī̃ ḍēundō,I cannot go,,,Ability expressed with the present participle and genitive subject; the source gives the participle a passive sense.,"bailey1908outersiraji[p. 40, ability-expression, item 1]",,,bailey1908outersiraji:p40:ability-expression:item:1:answer2,,,,sentential multiword-expression
OuterSiraji,,mērē ēh kitāb nĕhī̃ pŏṛhdā,I cannot read this book,,,Ability expressed with the present participle and genitive subject; the source gives the participle a passive sense.,"bailey1908outersiraji[p. 40, ability-expression, item 2]",,,bailey1908outersiraji:p40:ability-expression:item:2,,,,sentential multiword-expression
OuterSiraji,,mū̃ kāllā ḍēuṇu,I have to go to-morrow,,,Infinitive expresses necessity.,"bailey1908outersiraji[p. 41, necessity-expression, item 1]",,,bailey1908outersiraji:p41:necessity-expression:item:1,,,,sentential multiword-expression
OuterSiraji,,ḍēuṇu,go,,,Expresses the idea of going.,"bailey1908outersiraji[p. 41, verb-note, item 1]",,,bailey1908outersiraji:p41:verb-note:item:1,,,,verb intr inf
OuterSiraji,,jāṇu,go,,,Used in composition.,"bailey1908outersiraji[p. 41, verb-note, item 2]",,,bailey1908outersiraji:p41:verb-note:item:2,,,,verb intr inf
OuterSiraji,,bāb,father,,,,"bailey1908outersiraji[p. 41, left column, item 1]",,,bailey1908outersiraji:p41:left:item:1,,,,
OuterSiraji,,īj,mother,,,,"bailey1908outersiraji[p. 41, left column, item 2]",,,bailey1908outersiraji:p41:left:item:2,,,,
OuterSiraji,,bhāī,brother,,,,"bailey1908outersiraji[p. 41, left column, item 3]",,,bailey1908outersiraji:p41:left:item:3,,,,
OuterSiraji,,baihṇ,sister,,,,"bailey1908outersiraji[p. 41, left column, item 4]",,,bailey1908outersiraji:p41:left:item:4,,,,
OuterSiraji,,dāī,elder sister,,,,"bailey1908outersiraji[p. 41, left column, item 5]",,,bailey1908outersiraji:p41:left:item:5,,,,
OuterSiraji,,cēī,younger sister,,,,"bailey1908outersiraji[p. 41, left column, item 6]",,,bailey1908outersiraji:p41:left:item:6,,,,
OuterSiraji,,s̲h̲ōrū,son,,,Source pattern: s̲h̲ōr-ū.,"bailey1908outersiraji[p. 41, left column, item 7]",,,bailey1908outersiraji:p41:left:item:7,,,,
OuterSiraji,,s̲h̲ōrī,daughter,,,Source pattern: -ī [following s̲h̲ōr-ū].,"bailey1908outersiraji[p. 41, left column, item 8]",,,bailey1908outersiraji:p41:left:item:8,,,,
OuterSiraji,,raṇḍū,husband,,,,"bailey1908outersiraji[p. 41, left column, item 9]",,,bailey1908outersiraji:p41:left:item:9,,,,
OuterSiraji,,chĕōṛī,wife,,,,"bailey1908outersiraji[p. 41, left column, item 10]",,,bailey1908outersiraji:p41:left:item:10,,,,
OuterSiraji,,jŏṇā,man,,,,"bailey1908outersiraji[p. 41, left column, item 11]",,,bailey1908outersiraji:p41:left:item:11,,,,
OuterSiraji,,mŏrd,man,,,,"bailey1908outersiraji[p. 41, left column, item 11]",,,bailey1908outersiraji:p41:left:item:11:answer2,,,,
OuterSiraji,,bēṭlī,woman,,,,"bailey1908outersiraji[p. 41, left column, item 12]",,,bailey1908outersiraji:p41:left:item:12,,,,
OuterSiraji,,shōrū,boy,,,"Source pattern: shōr-ū. Printed sh has no underline here, unlike son and daughter.","bailey1908outersiraji[p. 41, left column, item 13]",,,bailey1908outersiraji:p41:left:item:13,,,,
OuterSiraji,,shōrī,girl,,,"Source pattern: -ī [following shōr-ū]. Printed sh has no underline here, unlike son and daughter.","bailey1908outersiraji[p. 41, left column, item 14]",,,bailey1908outersiraji:p41:left:item:14,,,,
OuterSiraji,,phuāl,shepherd,,,,"bailey1908outersiraji[p. 41, left column, item 15]",,,bailey1908outersiraji:p41:left:item:15,,,,
OuterSiraji,,tsōr,thief,,,,"bailey1908outersiraji[p. 41, left column, item 16]",,,bailey1908outersiraji:p41:left:item:16,,,,
OuterSiraji,,ghōṛā,horse,,,Source pattern: ghōṛ-ā.,"bailey1908outersiraji[p. 41, left column, item 17]",,,bailey1908outersiraji:p41:left:item:17,,,,
OuterSiraji,,ghōṛī,mare,,,Source pattern: -ī [following ghōṛ-ā].,"bailey1908outersiraji[p. 41, left column, item 18]",,,bailey1908outersiraji:p41:left:item:18,,,,
OuterSiraji,,bŏḷd,ox,,,,"bailey1908outersiraji[p. 41, left column, item 19]",,,bailey1908outersiraji:p41:left:item:19,,,,
OuterSiraji,,gāō,cow,,,,"bailey1908outersiraji[p. 41, left column, item 20]",,,bailey1908outersiraji:p41:left:item:20,,,,
OuterSiraji,,maīs̲h̲ī,buffalo,,,,"bailey1908outersiraji[p. 41, left column, item 21]",,,bailey1908outersiraji:p41:left:item:21,,,,
OuterSiraji,,bākrau,he-goat,,,Source pattern: bākr-au.,"bailey1908outersiraji[p. 41, left column, item 22]",,,bailey1908outersiraji:p41:left:item:22,,,,
OuterSiraji,,bākrī,she-goat,,,Source pattern: -rī [following bākr-au].,"bailey1908outersiraji[p. 41, left column, item 23]",,,bailey1908outersiraji:p41:left:item:23,,,,
OuterSiraji,,bhēḍ,sheep,,,,"bailey1908outersiraji[p. 41, left column, item 24]",,,bailey1908outersiraji:p41:left:item:24,,,,
OuterSiraji,,kūkar,dog,,,Source pattern: kūk-ar.,"bailey1908outersiraji[p. 41, left column, item 25]",,,bailey1908outersiraji:p41:left:item:25,,,,
OuterSiraji,,kūkrī,bitch,,,Source pattern: -rī [following kūk-ar].,"bailey1908outersiraji[p. 41, left column, item 26]",,,bailey1908outersiraji:p41:left:item:26,,,,
OuterSiraji,,bhāhī,bear,,,,"bailey1908outersiraji[p. 41, left column, item 27]",,,bailey1908outersiraji:p41:left:item:27,,,,
OuterSiraji,,baṇāē,bear,,,,"bailey1908outersiraji[p. 41, left column, item 27]",,,bailey1908outersiraji:p41:left:item:27:answer2,,,,
OuterSiraji,,barāg,leopard,,,,"bailey1908outersiraji[p. 41, left column, item 28]",,,bailey1908outersiraji:p41:left:item:28,,,,
OuterSiraji,,sīh,leopard,,,Gloss repeated by ditto from preceding leopard.,"bailey1908outersiraji[p. 41, left column, item 29]",,,bailey1908outersiraji:p41:left:item:29,,,,
OuterSiraji,,gādhau,ass,,,,"bailey1908outersiraji[p. 41, left column, item 30]",,,bailey1908outersiraji:p41:left:item:30,,,,
OuterSiraji,,sūr,pig,,,,"bailey1908outersiraji[p. 41, left column, item 31]",,,bailey1908outersiraji:p41:left:item:31,,,,
OuterSiraji,,kukhḷai,cock,,,Source pattern: kukh-ḷai. Source italicizes u in otherwise upright kukh-ḷai.,"bailey1908outersiraji[p. 41, left column, item 32]",,,bailey1908outersiraji:p41:left:item:32,,,,
OuterSiraji,,kukhḷī,hen,,,Source pattern: kukh-ḷī. Source italicizes u within otherwise upright word.,"bailey1908outersiraji[p. 41, right column, item 1]",,,bailey1908outersiraji:p41:right:item:1,,,,
OuterSiraji,,braiḷau,cat (male),,,Source pattern: braiḷ-au.,"bailey1908outersiraji[p. 41, right column, item 2]",,,bailey1908outersiraji:p41:right:item:2,,,,
OuterSiraji,,braiḷī,cat (female),,,Source pattern: -ī [following braiḷ-au].,"bailey1908outersiraji[p. 41, right column, item 3]",,,bailey1908outersiraji:p41:right:item:3,,,,
OuterSiraji,,ūṭ,camel,,,,"bailey1908outersiraji[p. 41, right column, item 4]",,,bailey1908outersiraji:p41:right:item:4,,,,
OuterSiraji,,hŏtthī,elephant,,,,"bailey1908outersiraji[p. 41, right column, item 5]",,,bailey1908outersiraji:p41:right:item:5,,,,
OuterSiraji,,hāth,hand,,,,"bailey1908outersiraji[p. 41, right column, item 6]",,,bailey1908outersiraji:p41:right:item:6,,,,
OuterSiraji,,khūr,foot,,,,"bailey1908outersiraji[p. 41, right column, item 7]",,,bailey1908outersiraji:p41:right:item:7,,,,
OuterSiraji,,nāk,nose,,,,"bailey1908outersiraji[p. 41, right column, item 8]",,,bailey1908outersiraji:p41:right:item:8,,,,
OuterSiraji,,akkhī,eye,,,,"bailey1908outersiraji[p. 41, right column, item 9]",,,bailey1908outersiraji:p41:right:item:9,,,,
OuterSiraji,,muh,face,,,Source italicizes u within otherwise upright word.,"bailey1908outersiraji[p. 41, right column, item 10]",,,bailey1908outersiraji:p41:right:item:10,,,,
OuterSiraji,,jāt,mouth,,,,"bailey1908outersiraji[p. 41, right column, item 11]",,,bailey1908outersiraji:p41:right:item:11,,,,
OuterSiraji,,khakkh,corner of mouth,,,,"bailey1908outersiraji[p. 41, right column, item 12]",,,bailey1908outersiraji:p41:right:item:12,,,,
OuterSiraji,,dānd,tooth,,,,"bailey1908outersiraji[p. 41, right column, item 13]",,,bailey1908outersiraji:p41:right:item:13,,,,
OuterSiraji,,kānn,ear,,,,"bailey1908outersiraji[p. 41, right column, item 14]",,,bailey1908outersiraji:p41:right:item:14,,,,
OuterSiraji,,shrāḷ,hair,,,Source prints plain sh without underline.,"bailey1908outersiraji[p. 41, right column, item 15]",,,bailey1908outersiraji:p41:right:item:15,,,,
OuterSiraji,,mūṇḍ,head,,,,"bailey1908outersiraji[p. 41, right column, item 16]",,,bailey1908outersiraji:p41:right:item:16,,,,
OuterSiraji,,dzībh,tongue,,,,"bailey1908outersiraji[p. 41, right column, item 17]",,,bailey1908outersiraji:p41:right:item:17,,,,
OuterSiraji,,ḍhaṇ,stomach,,,,"bailey1908outersiraji[p. 41, right column, item 18]",,,bailey1908outersiraji:p41:right:item:18,,,,
OuterSiraji,,pēṭ,stomach,,,,"bailey1908outersiraji[p. 41, right column, item 18]",,,bailey1908outersiraji:p41:right:item:18:answer2,,,,
OuterSiraji,,piṭṭh,back,,,,"bailey1908outersiraji[p. 41, right column, item 19]",,,bailey1908outersiraji:p41:right:item:19,,,,
OuterSiraji,,dzīū,body,,,,"bailey1908outersiraji[p. 41, right column, item 20]",,,bailey1908outersiraji:p41:right:item:20,,,,
OuterSiraji,,dēhī,body,,,,"bailey1908outersiraji[p. 41, right column, item 20]",,,bailey1908outersiraji:p41:right:item:20:answer2,,,,
OuterSiraji,,katāb,book,,,,"bailey1908outersiraji[p. 41, right column, item 21]",,,bailey1908outersiraji:p41:right:item:21,,,,
OuterSiraji,,kŏlm,pen,,,,"bailey1908outersiraji[p. 41, right column, item 22]",,,bailey1908outersiraji:p41:right:item:22,,,,
OuterSiraji,,māndzau,bed,,,,"bailey1908outersiraji[p. 41, right column, item 23]",,,bailey1908outersiraji:p41:right:item:23,,,,
OuterSiraji,,ghŏr,house,,,,"bailey1908outersiraji[p. 41, right column, item 24]",,,bailey1908outersiraji:p41:right:item:24,,,,
OuterSiraji,,daryāō,river,,,,"bailey1908outersiraji[p. 41, right column, item 25]",,,bailey1908outersiraji:p41:right:item:25,,,,
OuterSiraji,,gāhḍ,stream,,,,"bailey1908outersiraji[p. 41, right column, item 26]",,,bailey1908outersiraji:p41:right:item:26,,,,
OuterSiraji,,dzōt,"hill-top, pass",,,,"bailey1908outersiraji[p. 41, right column, item 27]",,,bailey1908outersiraji:p41:right:item:27,,,,
OuterSiraji,,dhār,hill,,,,"bailey1908outersiraji[p. 41, right column, item 28]",,,bailey1908outersiraji:p41:right:item:28,,,,
OuterSiraji,,sŏrlau,plain,,,,"bailey1908outersiraji[p. 41, right column, item 29]",,,bailey1908outersiraji:p41:right:item:29,,,,
OuterSiraji,,dŏḷ,plain,,,,"bailey1908outersiraji[p. 41, right column, item 29]",,,bailey1908outersiraji:p41:right:item:29:answer2,,,,
OuterSiraji,,khēc,field,,,,"bailey1908outersiraji[p. 41, right column, item 30]",,,bailey1908outersiraji:p41:right:item:30,,,,
OuterSiraji,,rōṭī,bread,,,,"bailey1908outersiraji[p. 41, right column, item 31]",,,bailey1908outersiraji:p41:right:item:31,,,,
OuterSiraji,,pāṇī,water,,,,"bailey1908outersiraji[p. 41, right column, item 32]",,,bailey1908outersiraji:p41:right:item:32,,,,
OuterSiraji,,kŏṇak,wheat,,,,"bailey1908outersiraji[p. 42, left column, item 1]",,,bailey1908outersiraji:p42:left:item:1,,,,
OuterSiraji,,tshŏllī,maize,,,,"bailey1908outersiraji[p. 42, left column, item 2]",,,bailey1908outersiraji:p42:left:item:2,,,,
OuterSiraji,,būṭ,tree,,,,"bailey1908outersiraji[p. 42, left column, item 3]",,,bailey1908outersiraji:p42:left:item:3,,,,
OuterSiraji,,graũ,village,,,,"bailey1908outersiraji[p. 42, left column, item 4]",,,bailey1908outersiraji:p42:left:item:4,,,,
OuterSiraji,,bazār,town,,,,"bailey1908outersiraji[p. 42, left column, item 5]",,,bailey1908outersiraji:p42:left:item:5,,,,
OuterSiraji,,bauṇ,jungle,,,,"bailey1908outersiraji[p. 42, left column, item 6]",,,bailey1908outersiraji:p42:left:item:6,,,,
OuterSiraji,,dzŏṛkī,fish,,,,"bailey1908outersiraji[p. 42, left column, item 7]",,,bailey1908outersiraji:p42:left:item:7,,,,
OuterSiraji,,machḷī,fish,,,,"bailey1908outersiraji[p. 42, left column, item 7]",,,bailey1908outersiraji:p42:left:item:7:answer2,,,,
OuterSiraji,,bāt,way,,,,"bailey1908outersiraji[p. 42, left column, item 8]",,,bailey1908outersiraji:p42:left:item:8,,,,
OuterSiraji,,phŏḷ,fruit,,,,"bailey1908outersiraji[p. 42, left column, item 9]",,,bailey1908outersiraji:p42:left:item:9,,,,
OuterSiraji,,māss,meat,,,,"bailey1908outersiraji[p. 42, left column, item 10]",,,bailey1908outersiraji:p42:left:item:10,,,,
OuterSiraji,,duddh,milk,,,,"bailey1908outersiraji[p. 42, left column, item 11]",,,bailey1908outersiraji:p42:left:item:11,,,,
OuterSiraji,,pinnī,egg,,,,"bailey1908outersiraji[p. 42, left column, item 12]",,,bailey1908outersiraji:p42:left:item:12,,,,
OuterSiraji,,ghēō,ghi,,,,"bailey1908outersiraji[p. 42, left column, item 13]",,,bailey1908outersiraji:p42:left:item:13,,,,
OuterSiraji,,tēl,oil,,,,"bailey1908outersiraji[p. 42, left column, item 14]",,,bailey1908outersiraji:p42:left:item:14,,,,
OuterSiraji,,tshāh,buttermilk,,,,"bailey1908outersiraji[p. 42, left column, item 15]",,,bailey1908outersiraji:p42:left:item:15,,,,
OuterSiraji,,dhaiṛ,day,,,,"bailey1908outersiraji[p. 42, left column, item 16]",,,bailey1908outersiraji:p42:left:item:16,,,,
OuterSiraji,,rāc,night,,,,"bailey1908outersiraji[p. 42, left column, item 17]",,,bailey1908outersiraji:p42:left:item:17,,,,
OuterSiraji,,dhaiṛō,sun,,,,"bailey1908outersiraji[p. 42, left column, item 18]",,,bailey1908outersiraji:p42:left:item:18,,,,
OuterSiraji,,dzuth,moon,,,,"bailey1908outersiraji[p. 42, left column, item 19]",,,bailey1908outersiraji:p42:left:item:19,,,,
OuterSiraji,,tārā,star,,,,"bailey1908outersiraji[p. 42, left column, item 20]",,,bailey1908outersiraji:p42:left:item:20,,,,
OuterSiraji,,bagurī,wind,,,,"bailey1908outersiraji[p. 42, left column, item 21]",,,bailey1908outersiraji:p42:left:item:21,,,,
OuterSiraji,,pauṇ,wind,,,,"bailey1908outersiraji[p. 42, left column, item 21]",,,bailey1908outersiraji:p42:left:item:21:answer2,,,,
OuterSiraji,,pāṇī,rain,,,,"bailey1908outersiraji[p. 42, left column, item 22]",,,bailey1908outersiraji:p42:left:item:22,,,,
OuterSiraji,,dhuppō,sunshine,,,,"bailey1908outersiraji[p. 42, left column, item 23]",,,bailey1908outersiraji:p42:left:item:23,,,,
OuterSiraji,,bhārau,load,,,,"bailey1908outersiraji[p. 42, left column, item 24]",,,bailey1908outersiraji:p42:left:item:24,,,,
OuterSiraji,,bēdzau,seed,,,,"bailey1908outersiraji[p. 42, left column, item 25]",,,bailey1908outersiraji:p42:left:item:25,,,,
OuterSiraji,,lōhau,iron,,,,"bailey1908outersiraji[p. 42, left column, item 26]",,,bailey1908outersiraji:p42:left:item:26,,,,
OuterSiraji,,bītau,good,,,,"bailey1908outersiraji[p. 42, left column, item 27]",,,bailey1908outersiraji:p42:left:item:27,,,,
OuterSiraji,,nikkau,bad,,,,"bailey1908outersiraji[p. 42, left column, item 28]",,,bailey1908outersiraji:p42:left:item:28,,,,
OuterSiraji,,bŏṛau,big,,,,"bailey1908outersiraji[p. 42, left column, item 29]",,,bailey1908outersiraji:p42:left:item:29,,,,
OuterSiraji,,hōtshau,little,,,,"bailey1908outersiraji[p. 42, left column, item 30]",,,bailey1908outersiraji:p42:left:item:30,,,,
OuterSiraji,,sulai,lazy,,,,"bailey1908outersiraji[p. 42, right column, item 1]",,,bailey1908outersiraji:p42:right:item:1,,,,
OuterSiraji,,ŏklēāḷau,wise,,,,"bailey1908outersiraji[p. 42, right column, item 2]",,,bailey1908outersiraji:p42:right:item:2,,,,
OuterSiraji,,nikāmmau,ignorant,,,,"bailey1908outersiraji[p. 42, right column, item 3]",,,bailey1908outersiraji:p42:right:item:3,,,,
OuterSiraji,,tshēkau,swift,,,,"bailey1908outersiraji[p. 42, right column, item 4]",,,bailey1908outersiraji:p42:right:item:4,,,,
OuterSiraji,,ticchau,sharp,,,,"bailey1908outersiraji[p. 42, right column, item 5]",,,bailey1908outersiraji:p42:right:item:5,,,,
OuterSiraji,,uchṭau,lofty,,,,"bailey1908outersiraji[p. 42, right column, item 6]",,,bailey1908outersiraji:p42:right:item:6,,,,
OuterSiraji,,s̲h̲ōbhlau,beautiful,,,,"bailey1908outersiraji[p. 42, right column, item 7]",,,bailey1908outersiraji:p42:right:item:7,,,,
OuterSiraji,,s̲h̲ēḷau,cold,,,,"bailey1908outersiraji[p. 42, right column, item 8]",,,bailey1908outersiraji:p42:right:item:8,,,,
OuterSiraji,,dzaḍau,cold,,,,"bailey1908outersiraji[p. 42, right column, item 8]",,,bailey1908outersiraji:p42:right:item:8:answer2,,,,
OuterSiraji,,ṭhaṇḍau,cold,,,,"bailey1908outersiraji[p. 42, right column, item 8]",,,bailey1908outersiraji:p42:right:item:8:answer3,,,,
OuterSiraji,,naitau,hot,,,,"bailey1908outersiraji[p. 42, right column, item 9]",,,bailey1908outersiraji:p42:right:item:9,,,,
OuterSiraji,,tātau,hot,,,,"bailey1908outersiraji[p. 42, right column, item 9]",,,bailey1908outersiraji:p42:right:item:9:answer2,,,,
OuterSiraji,,guḷūau,sweet,,,,"bailey1908outersiraji[p. 42, right column, item 10]",,,bailey1908outersiraji:p42:right:item:10,,,,
OuterSiraji,,rāmlau,clean,,,,"bailey1908outersiraji[p. 42, right column, item 11]",,,bailey1908outersiraji:p42:right:item:11,,,,
OuterSiraji,,thōṛau,little,,,,"bailey1908outersiraji[p. 42, right column, item 12]",,,bailey1908outersiraji:p42:right:item:12,,,,
OuterSiraji,,khassau,much,,,,"bailey1908outersiraji[p. 42, right column, item 13]",,,bailey1908outersiraji:p42:right:item:13,,,,
OuterSiraji,,ichṇō,come,,,,"bailey1908outersiraji[p. 42, right column, item 14]",,,bailey1908outersiraji:p42:right:item:14,,,,verb inf
OuterSiraji,,ḍēuṇu,go,,,,"bailey1908outersiraji[p. 42, right column, item 15]",,,bailey1908outersiraji:p42:right:item:15,,,,verb inf
OuterSiraji,,jāṇu,go,,,,"bailey1908outersiraji[p. 42, right column, item 15]",,,bailey1908outersiraji:p42:right:item:15:answer2,,,,verb inf
OuterSiraji,,bēṭhṇu,sit,,,,"bailey1908outersiraji[p. 42, right column, item 16]",,,bailey1908outersiraji:p42:right:item:16,,,,verb inf
OuterSiraji,,bēs̲h̲ṇu,sit,,,,"bailey1908outersiraji[p. 42, right column, item 16]",,,bailey1908outersiraji:p42:right:item:16:answer2,,,,verb inf
OuterSiraji,,lēṇō,take,,,,"bailey1908outersiraji[p. 42, right column, item 17]",,,bailey1908outersiraji:p42:right:item:17,,,,verb inf
OuterSiraji,,dēṇō,give,,,,"bailey1908outersiraji[p. 42, right column, item 18]",,,bailey1908outersiraji:p42:right:item:18,,,,verb inf
OuterSiraji,,pŏṛnu,fall,,,,"bailey1908outersiraji[p. 42, right column, item 19]",,,bailey1908outersiraji:p42:right:item:19,,,,verb inf
OuterSiraji,,khāṇu,eat,,,,"bailey1908outersiraji[p. 42, right column, item 20]",,,bailey1908outersiraji:p42:right:item:20,,,,verb inf
OuterSiraji,,jhūṭṇau,drink,,,,"bailey1908outersiraji[p. 42, right column, item 21]",,,bailey1908outersiraji:p42:right:item:21,,,,verb inf
OuterSiraji,,bōlṇu,"speak, say",,,,"bailey1908outersiraji[p. 42, right column, item 22]",,,bailey1908outersiraji:p42:right:item:22,,,,verb inf
OuterSiraji,,kŏrnu,do,,,,"bailey1908outersiraji[p. 42, right column, item 23]",,,bailey1908outersiraji:p42:right:item:23,,,,verb inf
OuterSiraji,,rauhṇu,remain,,,,"bailey1908outersiraji[p. 42, right column, item 24]",,,bailey1908outersiraji:p42:right:item:24,,,,verb inf
OuterSiraji,,tsīkṇu,beat,,,,"bailey1908outersiraji[p. 42, right column, item 25]",,,bailey1908outersiraji:p42:right:item:25,,,,verb inf
OuterSiraji,,dzāṇṇu,know,,,,"bailey1908outersiraji[p. 42, right column, item 26]",,,bailey1908outersiraji:p42:right:item:26,,,,verb inf
OuterSiraji,,ḍēwĕ jāṇu,go away,,,,"bailey1908outersiraji[p. 42, right column, item 27]",,,bailey1908outersiraji:p42:right:item:27,,,,verb inf multiword-expression
OuterSiraji,,āṇṇu,bring,,,,"bailey1908outersiraji[p. 42, right column, item 28]",,,bailey1908outersiraji:p42:right:item:28,,,,verb inf
OuterSiraji,,nī̃ṇu,take away,,,,"bailey1908outersiraji[p. 42, right column, item 29]",,,bailey1908outersiraji:p42:right:item:29,,,,verb inf
OuterSiraji,,ēk,1,,,,"bailey1908outersiraji[p. 42, cardinal, item 1]",,,bailey1908outersiraji:p42:cardinal:left:item:1,,,,num
OuterSiraji,,dōē,2,,,,"bailey1908outersiraji[p. 42, cardinal, item 2]",,,bailey1908outersiraji:p42:cardinal:left:item:2,,,,num
OuterSiraji,,caun,3,,,,"bailey1908outersiraji[p. 42, cardinal, item 3]",,,bailey1908outersiraji:p42:cardinal:left:item:3,,,,num
OuterSiraji,,tsār,4,,,,"bailey1908outersiraji[p. 42, cardinal, item 4]",,,bailey1908outersiraji:p42:cardinal:left:item:4,,,,num
OuterSiraji,,panz,5,,,,"bailey1908outersiraji[p. 42, cardinal, item 5]",,,bailey1908outersiraji:p42:cardinal:left:item:5,,,,num
OuterSiraji,,tshau,6,,,,"bailey1908outersiraji[p. 42, cardinal, item 6]",,,bailey1908outersiraji:p42:cardinal:left:item:6,,,,num
OuterSiraji,,sāt,7,,,,"bailey1908outersiraji[p. 42, cardinal, item 7]",,,bailey1908outersiraji:p42:cardinal:left:item:7,,,,num
OuterSiraji,,aṭṭh,8,,,,"bailey1908outersiraji[p. 42, cardinal, item 8]",,,bailey1908outersiraji:p42:cardinal:left:item:8,,,,num
OuterSiraji,,nau,9,,,,"bailey1908outersiraji[p. 42, cardinal, item 9]",,,bailey1908outersiraji:p42:cardinal:right:item:9,,,,num
OuterSiraji,,dŏss,10,,,,"bailey1908outersiraji[p. 42, cardinal, item 10]",,,bailey1908outersiraji:p42:cardinal:right:item:10,,,,num
OuterSiraji,,giārā,11,,,,"bailey1908outersiraji[p. 42, cardinal, item 11]",,,bailey1908outersiraji:p42:cardinal:right:item:11,,,,num
OuterSiraji,,bārā,12,,,,"bailey1908outersiraji[p. 42, cardinal, item 12]",,,bailey1908outersiraji:p42:cardinal:right:item:12,,,,num
OuterSiraji,,tērā,13,,,,"bailey1908outersiraji[p. 42, cardinal, item 13]",,,bailey1908outersiraji:p42:cardinal:right:item:13,,,,num
OuterSiraji,,tsaudā,14,,,,"bailey1908outersiraji[p. 42, cardinal, item 14]",,,bailey1908outersiraji:p42:cardinal:right:item:14,,,,num
OuterSiraji,,pŏndrā,15,,,,"bailey1908outersiraji[p. 42, cardinal, item 15]",,,bailey1908outersiraji:p42:cardinal:right:item:15,,,,num
OuterSiraji,,sōḷā,16,,,,"bailey1908outersiraji[p. 42, cardinal, item 16]",,,bailey1908outersiraji:p42:cardinal:right:item:16,,,,num
OuterSiraji,,satārā,17,,,,"bailey1908outersiraji[p. 43, cardinal, item 17]",,,bailey1908outersiraji:p43:cardinal:left:item:17,,,,num
OuterSiraji,,ṭhārā,18,,,,"bailey1908outersiraji[p. 43, cardinal, item 18]",,,bailey1908outersiraji:p43:cardinal:left:item:18,,,,num
OuterSiraji,,ṇī,19,,,,"bailey1908outersiraji[p. 43, cardinal, item 19]",,,bailey1908outersiraji:p43:cardinal:left:item:19,,,,num
OuterSiraji,,bī,20,,,,"bailey1908outersiraji[p. 43, cardinal, item 20]",,,bailey1908outersiraji:p43:cardinal:left:item:20,,,,num
OuterSiraji,,satāī,27,,,,"bailey1908outersiraji[p. 43, cardinal, item 21]",,,bailey1908outersiraji:p43:cardinal:left:item:21,,,,num
OuterSiraji,,ṇŏttī,29,,,,"bailey1908outersiraji[p. 43, cardinal, item 22]",,,bailey1908outersiraji:p43:cardinal:left:item:22,,,,num
OuterSiraji,,tī,30,,,,"bailey1908outersiraji[p. 43, cardinal, item 23]",,,bailey1908outersiraji:p43:cardinal:left:item:23,,,,num
OuterSiraji,,saĩtī,37,,,,"bailey1908outersiraji[p. 43, cardinal, item 24]",,,bailey1908outersiraji:p43:cardinal:left:item:24,,,,num
OuterSiraji,,ṇutāḷī,39,,,,"bailey1908outersiraji[p. 43, cardinal, item 25]",,,bailey1908outersiraji:p43:cardinal:left:item:25,,,,num
OuterSiraji,,cāḷī,40,,,,"bailey1908outersiraji[p. 43, cardinal, item 26]",,,bailey1908outersiraji:p43:cardinal:left:item:26,,,,num
OuterSiraji,,sataḷī,47,,,,"bailey1908outersiraji[p. 43, cardinal, item 27]",,,bailey1908outersiraji:p43:cardinal:left:item:27,,,,num
OuterSiraji,,nūnjā,49,,,,"bailey1908outersiraji[p. 43, cardinal, item 28]",,,bailey1908outersiraji:p43:cardinal:left:item:28,,,,num
OuterSiraji,,padzā,50,,,,"bailey1908outersiraji[p. 43, cardinal, item 29]",,,bailey1908outersiraji:p43:cardinal:left:item:29,,,,num
OuterSiraji,,satīnjā,57,,,,"bailey1908outersiraji[p. 43, cardinal, item 30]",,,bailey1908outersiraji:p43:cardinal:left:item:30,,,,num
OuterSiraji,,nāṭh,59,,,,"bailey1908outersiraji[p. 43, cardinal, item 31]",,,bailey1908outersiraji:p43:cardinal:left:item:31,,,,num
OuterSiraji,,shaṭh,60,,,,"bailey1908outersiraji[p. 43, cardinal, item 32]",,,bailey1908outersiraji:p43:cardinal:right:item:32,,,,num
OuterSiraji,,satāṭh,67,,,,"bailey1908outersiraji[p. 43, cardinal, item 33]",,,bailey1908outersiraji:p43:cardinal:right:item:33,,,,num
OuterSiraji,,uṇhŏttar,69,,,,"bailey1908outersiraji[p. 43, cardinal, item 34]",,,bailey1908outersiraji:p43:cardinal:right:item:34,,,,num
OuterSiraji,,sŏttar,70,,,,"bailey1908outersiraji[p. 43, cardinal, item 35]",,,bailey1908outersiraji:p43:cardinal:right:item:35,,,,num
OuterSiraji,,satŏttar,77,,,,"bailey1908outersiraji[p. 43, cardinal, item 36]",,,bailey1908outersiraji:p43:cardinal:right:item:36,,,,num
OuterSiraji,,uṇŏs̲h̲ī,79,,,,"bailey1908outersiraji[p. 43, cardinal, item 37]",,,bailey1908outersiraji:p43:cardinal:right:item:37,,,,num
OuterSiraji,,ŏs̲h̲s̲h̲ī,80,,,,"bailey1908outersiraji[p. 43, cardinal, item 38]",,,bailey1908outersiraji:p43:cardinal:right:item:38,,,,num
OuterSiraji,,satŏs̲h̲ī,87,,,,"bailey1908outersiraji[p. 43, cardinal, item 39]",,,bailey1908outersiraji:p43:cardinal:right:item:39,,,,num
OuterSiraji,,ṇāṇuē,89,,,,"bailey1908outersiraji[p. 43, cardinal, item 40]",,,bailey1908outersiraji:p43:cardinal:right:item:40,,,,num
OuterSiraji,,nŏbbē,90,,,,"bailey1908outersiraji[p. 43, cardinal, item 41]",,,bailey1908outersiraji:p43:cardinal:right:item:41,,,,num
OuterSiraji,,satānuē,97,,,,"bailey1908outersiraji[p. 43, cardinal, item 42]",,,bailey1908outersiraji:p43:cardinal:right:item:42,,,,num
OuterSiraji,,s̲h̲au,100,,,,"bailey1908outersiraji[p. 43, cardinal, item 43]",,,bailey1908outersiraji:p43:cardinal:right:item:43,,,,num
OuterSiraji,,dōē s̲h̲au,200,,,,"bailey1908outersiraji[p. 43, cardinal, item 44]",,,bailey1908outersiraji:p43:cardinal:right:item:44,,,,num multiword-expression
OuterSiraji,,hazār,1000,,,,"bailey1908outersiraji[p. 43, cardinal, item 45]",,,bailey1908outersiraji:p43:cardinal:right:item:45,,,,num
OuterSiraji,,lakkh,100000,,,,"bailey1908outersiraji[p. 43, cardinal, item 46]",,,bailey1908outersiraji:p43:cardinal:right:item:46,,,,num
OuterSiraji,,paihlō,1st,,,,"bailey1908outersiraji[p. 43, ordinal, item 1]",,,bailey1908outersiraji:p43:ordinal:left:item:1,,,,num ord
OuterSiraji,,dujjō,2nd,,,,"bailey1908outersiraji[p. 43, ordinal, item 2]",,,bailey1908outersiraji:p43:ordinal:left:item:2,,,,num ord
OuterSiraji,,cīyō,3rd,,,,"bailey1908outersiraji[p. 43, ordinal, item 3]",,,bailey1908outersiraji:p43:ordinal:left:item:3,,,,num ord
OuterSiraji,,tsauthō,4th,,,,"bailey1908outersiraji[p. 43, ordinal, item 4]",,,bailey1908outersiraji:p43:ordinal:left:item:4,,,,num ord
OuterSiraji,,panjīō,5th,,,,"bailey1908outersiraji[p. 43, ordinal, item 5]",,,bailey1908outersiraji:p43:ordinal:left:item:5,,,,num ord
OuterSiraji,,tshauīau,6th,,,,"bailey1908outersiraji[p. 43, ordinal, item 6]",,,bailey1908outersiraji:p43:ordinal:right:item:6,,,,num ord
OuterSiraji,,sātīau,7th,,,,"bailey1908outersiraji[p. 43, ordinal, item 7]",,,bailey1908outersiraji:p43:ordinal:right:item:7,,,,num ord
OuterSiraji,,dŏssīau,10th,,,,"bailey1908outersiraji[p. 43, ordinal, item 8]",,,bailey1908outersiraji:p43:ordinal:right:item:8,,,,num ord
OuterSiraji,,pŏdzāṛīau,50th,,,,"bailey1908outersiraji[p. 43, ordinal, item 9]",,,bailey1908outersiraji:p43:ordinal:right:item:9,,,,num ord
OuterSiraji,,mērē bābūō s̲h̲ōrū tēūē baihṇī saŋgē baihūō aundau āsā.,My uncle’s son is married with his sister.,,,Printed specimen numbering refers to the corresponding Kotguru comparison sentences.,"bailey1908outersiraji[p. 43, specimen, item 6]",,,bailey1908outersiraji:p43:specimen:item:6,,,,sentential multiword-expression
OuterSiraji,,ghŏrā dē s̲h̲ittē ghōṛĕē zīn āsā.,In the house the white horse’s saddle is.,,,Printed specimen numbering refers to the corresponding Kotguru comparison sentences.,"bailey1908outersiraji[p. 43, specimen, item 7]",,,bailey1908outersiraji:p43:specimen:item:7,,,,sentential multiword-expression
OuterSiraji,,tēū s̲h̲ōbhlō kŏrĕ tsīkṇu rās̲h̲ī kŏrĕ bāndhṇu.,Beat him well and bind him with ropes.,,,Printed specimen numbering refers to the corresponding Kotguru comparison sentences.,"bailey1908outersiraji[p. 43, specimen, item 17]",,,bailey1908outersiraji:p43:specimen:item:17,,,,sentential multiword-expression
OuterSiraji,,mū āgō hāṇḍ.,Before me walk.,,,Printed specimen numbering refers to the corresponding Kotguru comparison sentences.,"bailey1908outersiraji[p. 43, specimen, item 19]",,,bailey1908outersiraji:p43:specimen:item:19,,,,sentential multiword-expression
OuterSiraji,,kaurō s̲h̲ōrū tā pitshu hāṇḍdō lagō aundō?,Whose son behind thee walking comes?,,,Printed specimen numbering refers to the corresponding Kotguru comparison sentences.,"bailey1908outersiraji[p. 43, specimen, item 20]",,,bailey1908outersiraji:p43:specimen:item:20,,,,sentential multiword-expression
OuterSiraji,,lai,to,,,Explicit Outer Siraji case marker in the shared Kulu introduction; lexical gloss confirmed by the chapter preposition list.,"bailey1908outersiraji[p. 36, intro-postposition, item 1]",,,bailey1908outersiraji:p36:intro-postposition:item:1,,,,prep dat
OuterSiraji,,kē,from,,,Explicit Outer Siraji case marker in the shared Kulu introduction; lexical gloss confirmed by the chapter preposition list.,"bailey1908outersiraji[p. 36, intro-postposition, item 2]",,,bailey1908outersiraji:p36:intro-postposition:item:2,,,,prep abl
OuterSiraji,,dē,in,,,Explicit Outer Siraji case marker in the shared Kulu introduction; lexical gloss confirmed by the chapter preposition list.,"bailey1908outersiraji[p. 36, intro-postposition, item 3]",,,bailey1908outersiraji:p36:intro-postposition:item:3,,,,prep loc
